0.336454
0.430534
0.605014
0.540692
0.585454
0.531176
0.573834
0.555584
0.479274
0.478708
0.451798
0.492900
0.556604
0.475986
0.477332
0.478278
0.458034
0.432988
0.508754
0.494204
0.445444
0.516240
0.481984
0.518794
0.466072
0.423100
0.458058
0.442008
0.424128
0.475702
0.491346
0.476182
0.511278
0.441042
0.497314
0.507950
0.491660
0.503342
0.478726
0.464764
0.477136
0.444766
0.456142
0.510254
0.480036
0.508702
0.447060
0.474346
0.471794
0.466542
0.464932
0.489170
0.489344
0.483264
0.488492
0.483496
0.439902
0.466234
0.471056
0.474310
0.479430
0.485370
0.456574
0.489752
0.475298
0.470528
0.465574
0.452376
0.441392
0.454624
0.412674
0.435126
0.479516
0.489482
0.473740
0.472068
0.461838
0.447638
0.434234
0.482326
0.423864
0.464242
0.455632
0.469394
0.410582
0.438310
0.464330
0.485576
0.454974
0.475782
0.427292
0.425358
0.473534
0.440056
0.441056
0.480220
0.407742
0.422624
0.380722
0.370676
0.418984
0.382270
0.410778
0.411380
0.416768
0.430284
0.479792
0.466136
0.488316
0.481558
0.423622
0.401346
0.405352
0.403522
0.408680
0.403534
0.417610
0.416428
0.409014
0.396804
0.376804
0.394960
0.397338
0.402390
0.433214
0.380850
0.397356
0.409738
0.408438
0.404094
0.411904
0.373132
0.382294
0.372964
0.403150
0.414854
0.399284
0.374312
0.368028
0.355488
0.373528
0.378682
0.367348
0.355866
0.344030
0.351276
0.349228
0.354618
0.354854
0.374094
0.373698
0.378784
0.391078
0.382476
0.383034
0.393336
0.384070
0.360508
0.357144
0.356738
0.350842
0.350028
0.366044
0.366808
0.372646
0.359698
0.367400
0.380160
0.375484
0.402722
0.394922
0.379360
0.375562
0.387634
0.401642
0.382976
0.373490
0.381498
0.390066
0.404168
0.382452
0.389144
0.395540
0.420308
0.394780
0.391920
0.387046
0.425656
0.409832
0.423854
0.393640
0.371676
0.371818
0.374744
0.360964
0.344568
0.359150
0.367018
0.369996
0.384646
0.384660
0.378316
0.388268
0.356502
0.347022
0.349098
0.343686
0.349626
0.355530
0.347370
0.341546
0.345832
0.350184
0.359150
0.375016
0.383356
0.399340
0.401404
0.457614
0.465732
0.475148
0.413832
0.403234
0.441518
0.425740
0.442052
0.409128
0.389654
0.427676
0.384944
0.421700
0.413066
0.421174
0.440224
0.402336
0.408976
0.376294
0.384174
0.409336
0.423402
0.406824
0.405500
0.411514
0.388894
0.396016
0.391522
0.392103
0.392016
0.392422
0.398662
0.215580
0.000000
0.000000
0.000000
0.000000
0.000000
0.000000
0.000000
0.000000
0.000000
0.000000
0.000000
0.000000
0.000000
0.000000
0.000000
0.000000
0.000000
0.000000
0.000000
0.000000
0.000000
0.000000
0.000000
0.000000
0.000000
0.000000
0.000000
0.000000
0.000000
0.000000
0.000000
0.000000
0.000000
0.000000
0.000000
0.173904
0.424094
0.422072
0.424790
0.420672
0.433510
0.426446
0.415794
0.407124
0.418840
0.428108
0.405116
0.408488
0.422828
0.435466
0.434760
0.473206
0.451818
0.413526
0.414988
0.419140
0.475048
0.458926
0.472410
0.513508
0.437078
0.497968
0.512986
0.448524
0.404692
0.428112
0.367424
0.390950
0.408104
0.462590
0.423190
0.465150
0.432574
0.427974
0.403576
0.379138
0.379206
0.368632
0.411512
0.418758
0.418720
0.422332
0.386288
0.407564
0.438868
0.405016
0.398614
0.383208
0.389992
0.369910
0.380790
0.388332
0.404850
0.373060
0.388878
0.387802
0.398006
0.390488
0.378512
0.421030
0.440892
0.375606
0.397860
0.413262
0.399378
0.391992
0.402476
0.423884
0.407528
0.412532
0.385686
0.456638
0.428398
0.422978
0.417508
0.417778
0.402476
0.402238
0.397674
0.386400
0.378660
0.363820
0.367812
0.358152
0.361946
0.345230
0.341784
0.338500
0.339378
0.336030
0.337004
0.342146
0.343498
0.344252
0.371626
0.371906
0.362354
0.351008
0.342576
0.339316
0.341938
0.348418
0.348454
0.357788
0.358882
0.373618
0.356022
0.356074
0.369840
0.415930
0.405244
0.506742
0.477490
0.484186
0.438598
0.467506
0.461022
0.474198
0.465498
0.475844
0.467940
0.440126
0.459658
0.407004
0.409688
0.451182
0.403058
0.405796
0.440852
0.395458
0.421592
0.404962
0.436408
0.412970
0.439944
0.408152
0.416250
0.412156
0.397056
0.369732
0.371914
0.357852
0.370020
0.389948
0.362502
0.385344
0.387964
0.366648
0.390264
0.397218
0.410032
0.386214
0.390710
0.403062
0.404078
0.434694
0.403384
0.421698
0.433110
0.373944
0.443552
0.453166
0.472858
0.398266
0.447442
0.528078
0.427268
0.447576
0.433726
0.453932
0.438226
0.432238
0.412618
0.420300
0.413630
0.409040
0.400326
0.420846
0.444444
0.435466
0.416566
0.437334
0.422318
0.407320
0.380678
0.384458
0.360298
0.367386
0.385318
0.398670
0.402896
0.393000
0.389638
0.418422
0.402928
0.399488
0.382266
0.435278
0.415650
0.438964
0.438714
0.400022
0.426644
0.435514
0.397042
0.372160
0.410472
0.353302
0.422836
0.450214
0.439514
0.492168
0.414906
0.471576
0.477258
0.453494
0.389694
0.380972
0.390834
0.417040
0.392914
0.411448
0.413204
0.405292
0.434960
0.438488
0.452434
0.445872
0.513410
0.469236
0.427656
0.458908
0.404026
0.402694
0.355678
0.354862
0.364090
0.397592
0.395382
0.446852
0.433034
0.406102
0.377232
0.400580
0.391812
0.383104
0.400140
0.422944
0.452786
0.449632
0.396436
0.376684
0.364114
0.383108
0.442868
0.448958
0.426382
0.416260
0.482044
0.425730
0.443746
0.485156
0.489886
0.413604
0.432848
0.440350
0.443034
0.424714
0.436522
0.430102
0.439546
0.387242
0.406978
0.400020
0.401670
0.401166
0.376314
0.364554
0.350922
0.363288
0.388020
0.402916
0.393552
0.408070
0.422564
0.421432
0.387542
0.397992
0.382658
0.347616
0.359646
0.407748
0.425208
0.456122
0.459826
0.394392
0.400408
0.420318
0.425854
0.428378
0.441434
0.434862
0.457864
0.436216
0.397736
0.411444
0.378732
0.366154
0.358832
0.355840
0.357900
0.348556
0.356098
0.365124
0.371308
0.395626
0.401464
0.414784
0.396568
0.392692
0.386322
0.358982
0.356132
0.354386
0.363460
0.373598
0.376718
0.389064
0.422900
0.424696
0.399614
0.425238
0.433696
0.379198
0.374602
0.381504
0.416594
0.430144
0.436438
0.418862
0.398464
0.383128
0.373596
0.403916
0.392838
0.400086
0.417628
0.424030
0.442018
0.451788
0.424400
0.471672
0.409844
0.408038
0.448872
0.425344
0.467290
0.442374
0.396656
0.389806
0.362134
0.355674
0.349846
0.351924
0.345274
0.362956
0.389968
0.377000
0.398750
0.371668
0.355106
0.358600
0.348818
0.352936
0.354086
0.361380
0.392794
0.409878
0.462730
0.474050
0.433304
0.411814
0.435362
0.406202
0.436850
0.408550
0.268342
0.329536
0.330678
0.000000
0.076152
0.438888
0.347030
0.383212
0.382906
0.383038
0.268046
0.320896
0.471850
0.417208
0.463260
0.488422
0.419908
0.382602
0.417996
0.439716
0.402644
0.417952
0.422964
0.441662
0.443718
0.426820
0.418352
0.395662
0.372994
0.359912
0.364532
0.413864
0.422934
0.434832
0.434008
0.415698
0.386622
0.383858
0.390716
0.400436
0.475254
0.447610
0.450512
0.420426
0.434084
0.434986
0.415230
0.436274
0.453062
0.417422
0.392006
0.379586
0.366624
0.353288
0.365102
0.362834
0.371316
0.400392
0.413214
0.428834
0.450630
0.429358
0.431588
0.505948
0.485504
0.426030
0.424524
0.375948
0.351976
0.362986
0.382570
0.390724
0.364888
0.369222
0.375950
0.428888
0.459760
0.465310
0.461082
0.464488
0.409676
0.432596
0.456514
0.459784
0.438984
0.431072
0.389358
0.416732
0.387908
0.406138
0.421684
0.430450
0.394274
0.398418
0.417894
0.397666
0.379514
0.371768
0.375860
0.381446
0.361934
0.358512
0.351796
0.346708
0.349738
0.353012
0.350140
0.361914
0.364664
0.374736
0.374680
0.373178
0.362502
0.357156
0.347556
0.358100
0.374114
0.386074
0.361484
0.395678
0.408006
0.382430
0.375852
0.384890
0.392922
0.389478
0.409540
0.393650
0.372600
0.368504
0.352254
0.355984
0.343220
0.344222
0.370320
0.372510
0.370352
0.384688
0.391046
0.406612
0.412994
0.370758
0.399260
0.384002
0.376346
0.361538
0.372442
0.350948
0.356624
0.363490
0.361356
0.367396
0.360174
0.371366
0.354276
0.357420
0.362408
0.376778
0.398190
0.396904
0.390900
0.397094
0.384422
0.417972
0.397384
0.397340
0.426572
0.409236
0.404358
0.412342
0.395732
0.410836
0.380642
0.395968
0.405858
0.396264
0.399422
0.387236
0.390288
0.381608
0.379780
0.370390
0.363072
0.363054
0.357840
0.375066
0.366336
0.372472
0.375952
0.367122
0.343564
0.339052
0.345124
0.345770
0.353124
0.370856
0.362460
0.353114
0.363218
0.349122
0.354186
0.377298
0.381694
0.396970
0.388684
0.393930
0.357120
0.348300
0.336424
0.343554
0.341552
0.337984
0.358946
0.382644
0.384906
0.382550
0.403902
0.399112
0.379880
0.355752
0.372970
0.396904
0.397264
0.412482
0.413794
0.392798
0.441478
0.404624
0.392882
0.410576
0.401854
0.377670
0.372542
0.420842
0.420246
0.391866
0.404930
0.419792
0.410394
0.371856
0.365124
0.364742
0.374064
0.366632
0.356820
0.352468
0.340794
0.364026
0.358666
0.361586
0.357116
0.376590
0.388136
0.392998
0.425514
0.454674
0.416340
0.445052
0.492166
0.458016
0.484946
0.489590
0.402686
0.383174
0.385042
0.389908
0.394484
0.410882
0.393144
0.405506
0.416752
0.399828
0.376478
0.374338
0.368872
0.393896
0.402948
0.412976
0.381786
0.374370
0.391830
0.403566
0.418326
0.433138
0.454148
0.483020
0.442200
0.476684
0.475162
0.429204
0.428780
0.445654
0.455704
0.470998
0.465374
0.452034
0.437010
0.472632
0.489914
0.467330
0.507400
0.497892
0.491932
0.548502
0.504120
0.524058
0.451843
0.368940
0.364522
0.362772
0.368110
0.371548
0.383742
0.394768
0.393848
0.397310
0.423912
0.424506
0.386548
0.373604
0.372560
0.371352
0.392058
0.402214
0.439952
0.437672
0.480692
0.484144
0.475634
0.444760
0.445532
0.409600
0.483286
0.517882
0.490992
0.471012
0.468998
0.439754
0.399972
0.429578
0.398736
0.381640
0.383676
0.373414
0.373420
0.363186
0.385252
0.388310
0.366512
0.364854
0.366258
0.360876
0.376868
0.382928
0.416562
0.392442
0.374764
0.388112
0.388242
0.378782
0.382878
0.384038
0.403106
0.367748
0.379926
0.366662
0.362012
0.373530
0.388016
0.397848
0.407990
0.432934
0.433666
0.414556
0.386920
0.394528
0.368316
0.358402
0.363768
0.378884
0.413962
0.409120
0.442232
0.452892
0.436192
0.438146
0.391910
0.414950
0.416038
0.409254
0.394380
0.440590
0.454136
0.427630
0.419410
0.418178
0.434962
0.444006
0.446058
0.430252
0.481168
0.452704
0.443784
0.466420
0.493720
0.492174
0.497230
0.537308
0.443224
0.418884
0.464976
0.532968
0.453712
0.459498
0.439318
0.423720
0.427036
0.411032
0.416436
0.397516
0.415454
0.412220
0.414404
0.455506
0.424446
0.393600
0.406830
0.384638
0.386068
0.392980
0.409714
0.405014
0.397734
0.388460
0.397734
0.414984
0.399364
0.396686
0.402430
0.420346
0.406566
0.387594
0.385646
0.381374
0.393846
0.407214
0.393674
0.371222
0.382418
0.410790
0.424912
0.447956
0.434956
0.417926
0.393736
0.372416
0.368414
0.412166
0.403496
0.357896
0.355838
0.361792
0.357962
0.365270
0.360292
0.350702
0.349426
0.346716
0.349142
0.359890
0.361154
0.355982
0.348166
0.337024
0.340992
0.341582
0.354682
0.337686
0.340658
0.350806
0.358038
0.360142
0.362106
0.364480
0.353432
0.346788
0.360256
0.366818
0.314128
0.361088
0.377994
0.383202
0.383020
0.383220
0.343946
0.377100
0.359400
0.342480
0.344978
0.345928
0.355798
0.353008
0.358206
0.373750
0.383548
0.372642
0.382332
0.390686
0.385202
0.375528
0.407554
0.377444
0.364054
0.348930
0.344326
0.347872
0.352188
0.357508
0.359676
0.368758
0.364308
0.381500
0.379006
0.396514
0.373530
0.398752
0.376600
0.354056
0.363382
0.372794
0.388182
0.387036
0.389012
0.405812
0.395166
0.400674
0.364132
0.359992
0.387626
0.372806
0.368278
0.371448
0.369692
0.359866
0.388252
0.401758
0.409192
0.398466
0.402672
0.364186
0.390176
0.404402
0.399846
0.468922
0.449442
0.419792
0.439124
0.422906
0.432706
0.466318
0.467270
0.498974
0.485670
0.454678
0.490100
0.487038
0.453634
0.436932
0.389948
0.386546
0.388204
0.395144
0.379300
0.400092
0.437944
0.442462
0.435188
0.434696
0.409190
0.405266
0.400148
0.401152
0.395778
0.420512
0.423482
0.432832
0.418888
0.423856
0.414274
0.429694
0.416038
0.397426
0.381562
0.411474
0.389636
0.368260
0.351170
0.349110
0.348892
0.365628
0.356426
0.361890
0.362692
0.352670
0.367240
0.393412
0.398220
0.391762
0.402900
0.394618
0.374460
0.361916
0.369046
0.393914
0.367012
0.378284
0.364392
0.382070
0.400656
0.402878
0.393246
0.390170
0.387970
0.367596
0.385666
0.386936
0.394624
0.407152
0.385512
0.385382
0.369734
0.351874
0.351930
0.341872
0.342916
0.354846
0.346406
0.338640
0.350840
0.346192
0.347780
0.362616
0.366134
0.371412
0.359426
0.362332
0.394488
0.404072
0.413202
0.392826
0.395706
0.398650
0.396878
0.368360
0.353324
0.357660
0.356870
0.351480
0.353636
0.352502
0.375792
0.407756
0.401102
0.361260
0.380638
0.390304
0.407298
0.374688
0.375122
0.375920
0.388222
0.383280
0.381840
0.419338
0.435680
0.485888
0.465214
0.402528
0.427972
0.436726
0.432656
0.429814
0.409306
0.416292
0.381198
0.394942
0.371088
0.381046
0.367296
0.370908
0.368944
0.365316
0.390122
0.395080
0.408144
0.471144
0.452272
0.454398
0.480492
0.469656
0.439878
0.417432
0.458508
0.364641
0.400692
0.548068
0.528532
0.552762
0.499458
0.483002
0.499642
0.533810
0.458968
0.456070
0.429810
0.468134
0.508474
0.488788
0.526654
0.506034
0.534832
0.501890
0.407768
0.456298
0.450344
0.403232
0.400780
0.378990
0.367922
0.377902
0.389954
0.406538
0.385646
0.392010
0.393916
0.410958
0.409032
0.403048
0.408686
0.406772
0.383126
0.370130
0.361022
0.366824
0.362344
0.380704
0.377006
0.375146
0.382258
0.388542
0.365768
0.381150
0.411646
0.421976
0.417028
0.447606
0.423292
0.381724
0.395632
0.354066
0.356912
0.353922
0.342774
0.343664
0.348122
0.360518
0.355686
0.336846
0.349426
0.340120
0.348720
0.348730
0.343536
0.341422
0.348846
0.350812
0.362634
0.366484
0.383152
0.420640
0.422326
0.419062
0.396542
0.421470
0.428754
0.433358
0.411916
0.403336
0.407392
0.376896
0.361412
0.355640
0.358130
0.363644
0.351430
0.354028
0.351652
0.363782
0.367636
0.379890
0.398788
0.386756
0.299294
0.353320
0.374850
0.375474
0.374860
0.351012
0.397160
0.420424
0.385146
0.413368
0.415818
0.406824
0.396874
0.385976
0.402140
0.434100
0.408380
0.372398
0.362684
0.310836
0.345694
0.349972
0.346688
0.350934
0.354584
0.358572
0.355550
0.347156
0.347794
0.338938
0.346260
0.347024
0.346046
0.343826
0.347076
0.354972
0.377178
0.368408
0.371092
0.363070
0.351304
0.357550
0.355868
0.398256
0.384112
0.368076
0.361214
0.378594
0.374294
0.376674
0.368130
0.377966
0.393604
0.406802
0.400716
0.414818
0.421792
0.387498
0.396148
0.384726
0.363896
0.356260
0.375952
0.352226
0.383368
0.389168
0.403956
0.413538
0.414738
0.388150
0.382256
0.378684
0.374328
0.367180
0.372612
0.388208
0.397570
0.389126
0.409494
0.385884
0.383026
0.362722
0.357654
0.347824
0.352238
0.352702
0.355708
0.342296
0.344578
0.367270
0.377654
0.374064
0.372698
0.363918
0.352472
0.354002
0.358876
0.355736
0.373396
0.404186
0.385426
0.382994
0.375536
0.365850
0.363122
0.363056
0.379172
0.383972
0.372960
0.358948
0.347884
0.364524
0.372586
0.368078
0.364824
0.362080
0.365958
0.386020
0.405354
0.390118
0.380534
0.396220
0.401948
0.373286
0.358728
0.355946
0.389176
0.396752
0.370118
0.362786
0.363216
0.356254
0.344110
0.340564
0.343058
0.343482
0.343724
0.357664
0.373654
0.393416
0.386316
0.366096
0.361996
0.371954
0.377960
0.384564
0.364434
0.390788
0.382884
0.377786
0.361540
0.357250
0.351252
0.355118
0.349660
0.354268
0.371518
0.379546
0.400478
0.403726
0.372384
0.355016
0.351254
0.345206
0.345228
0.367652
0.345458
0.344058
0.343646
0.348910
0.343904
0.345682
0.345506
0.339218
0.342186
0.355128
0.349174
0.353970
0.369666
0.405280
0.408582
0.423538
0.399788
0.399734
0.380464
0.368624
0.363816
0.368628
0.384742
0.380394
0.369994
0.375830
0.387554
0.402386
0.386364
0.378290
0.379008
0.405040
0.389444
0.376184
0.365712
0.362058
0.381024
0.362854
0.410696
0.417380
0.399192
0.408864
0.424762
0.405396
0.388040
0.380250
0.371982
0.371160
0.357540
0.362816
0.351650
0.358166
0.372938
0.396512
0.389242
0.375524
0.359832
0.342636
0.348892
0.338378
0.343154
0.360632
0.377828
0.358996
0.354694
0.393744
0.401492
0.372164
0.349170
0.352568
0.351832
0.358112
0.369354
0.397752
0.400546
0.393248
0.388180
0.354270
0.344276
0.358510
0.354990
0.375632
0.391836
0.385082
0.365214
0.360828
0.362114
0.356092
0.369732
0.365060
0.378464
0.365252
0.350596
0.351402
0.354726
0.358262
0.354736
0.370490
0.373052
0.387300
0.393602
0.413144
0.422198
0.428384
0.437330
0.435986
0.415108
0.405614
0.423138
0.414296
0.390204
0.389452
0.421528
0.379584
0.396550
0.414056
0.356664
0.498096
0.527450
0.566026
0.506930
0.458102
0.444890
0.446924
0.434066
0.403336
0.396430
0.420134
0.418866
0.439506
0.442124
0.402928
0.408550
0.390178
0.380186
0.400334
0.408422
0.432686
0.449552
0.403666
0.376920
0.358740
0.353438
0.367760
0.394156
0.431548
0.432474
0.388420
0.396422
0.398734
0.440674
0.424468
0.350128
0.360532
0.352290
0.351346
0.348074
0.349964
0.353038
0.362622
0.350392
0.355792
0.352250
0.355684
0.353222
0.353682
0.348252
0.349608
0.348644
0.356390
0.342250
0.344426
0.345288
0.348686
0.349164
0.346646
0.346460
0.353246
0.359312
0.389008
0.444950
0.432656
0.411334
0.383554
0.408584
0.381384
0.416378
0.397586
0.387282
0.390572
0.386786
0.399244
0.402276
0.415782
0.400354
0.379080
0.370356
0.372780
0.394136
0.374970
0.376166
0.375304
0.391884
0.421830
0.383730
0.363052
0.365104
0.354754
0.359348
0.331032
0.383778
0.227244
0.000000
0.000000
0.000000
0.000000
0.134250
0.348292
0.370078
0.365728
0.355712
0.346068
0.363656
0.382192
0.380592
0.389096
0.412768
0.404572
0.391670
0.417456
0.414604
0.404884
0.394236
0.378088
0.380602
0.383408
0.371282
0.368810
0.390606
0.382594
0.408318
0.405946
0.395460
0.376020
0.359592
0.373298
0.375174
0.372902
0.373960
0.389756
0.401554
0.395908
0.377858
0.395212
0.401928
0.414690
0.406928
0.384482
0.381880
0.392046
0.394080
0.407336
0.407792
0.403612
0.411398
0.403628
0.411844
0.395854
0.383806
0.397660
0.418614
0.420354
0.393916
0.387834
0.414342
0.411364
0.391078
0.431008
0.395702
0.407636
0.373994
0.390536
0.390626
0.367168
0.371928
0.357780
0.351194
0.342098
0.342988
0.349002
0.355538
0.369688
0.357096
0.368068
0.375368
0.362774
0.353926
0.366958
0.369496
0.380352
0.371130
0.349334
0.344444
0.366462
0.384050
0.363292
0.366614
0.372852
0.379312
0.389152
0.393208
0.383866
0.373236
0.361748
0.376638
0.376936
0.353844
0.351650
0.363460
0.348790
0.350480
0.357814
0.367526
0.360070
0.372770
0.357962
0.345490
0.343892
0.339846
0.344816
0.345612
0.359468
0.384124
0.366564
0.385742
0.366102
0.381758
0.381030
0.359268
0.374690
0.382612
0.381146
0.400298
0.415150
0.392424
0.375602
0.378858
0.388274
0.390364
0.372554
0.408216
0.374784
0.354332
0.355490
0.379178
0.380600
0.390364
0.357634
0.355570
0.354480
0.351052
0.369626
0.392090
0.398308
0.366320
0.376822
0.399932
0.388272
0.365556
0.372654
0.416202
0.404306
0.383718
0.381864
0.372452
0.366222
0.355518
0.363490
0.363868
0.391172
0.383086
0.441190
0.440072
0.446372
0.453500
0.468420
0.449642
0.457128
0.456524
0.432658
0.397302
0.412396
0.428162
0.418428
0.460466
0.439384
0.487884
0.450128
0.429082
0.398806
0.459124
0.459882
0.445492
0.417720
0.390152
0.382592
0.375108
0.364508
0.382236
0.405810
0.406532
0.387982
0.393068
0.370016
0.383010
0.429578
0.459658
0.482890
0.481616
0.437874
0.442268
0.402832
0.381842
0.377998
0.404972
0.418952
0.458202
0.420460
0.389428
0.380806
0.388484
0.416046
0.434304
0.417708
0.398512
0.398894
0.415952
0.446292
0.418906
0.386182
0.357486
0.356896
0.364218
0.367794
0.386692
0.362700
0.356328
0.356386
0.362012
0.367416
0.376798
0.385282
0.382004
0.431888
0.450650
0.442870
0.405594
0.440920
0.464512
0.377822
0.466718
0.443766
0.484914
0.466602
0.461192
0.429404
0.444580
0.421272
0.446024
0.456098
0.498056
0.469836
0.499630
0.486666
0.477368
0.476426
0.496880
0.478566
0.474990
0.455640
0.320525
0.389924
0.419302
0.446906
0.434876
0.405182
0.436946
0.470038
0.445376
0.419240
0.425506
0.421504
0.435314
0.408948
0.447500
0.443620
0.429990
0.397130
0.372238
0.370428
0.376836
0.416890
0.424024
0.421462
0.403966
0.397278
0.397706
0.429974
0.412766
0.432776
0.437598
0.443450
0.420106
0.432796
0.406430
0.416784
0.415654
0.415520
0.377744
0.380596
0.391822
0.423148
0.379964
0.406918
0.423984
0.383688
0.370398
0.369470
0.371588
0.399710
0.415294
0.400850
0.390422
0.426948
0.398490
0.407362
0.414072
0.401056
0.422586
0.375972
0.456126
0.433300
0.482038
0.457526
0.509052
0.462344
0.411046
0.475856
0.517976
0.494120
0.448152
0.481896
0.440462
0.443188
0.475536
0.457710
0.460096
0.411142
0.393278
0.461634
0.420254
0.445304
0.459698
0.452248
0.489420
0.466398
0.442262
0.493358
0.490000
0.483304
0.420894
0.366736
0.423184
0.397270
0.389584
0.401944
0.375898
0.359808
0.353442
0.358898
0.366046
0.357986
0.374266
0.373842
0.378306
0.410058
0.428144
0.414882
0.397266
0.360310
0.362352
0.354806
0.350714
0.369900
0.383872
0.384006
0.378494
0.338478
0.355962
0.399184
0.399107
0.075046
0.375224
0.373268
0.351968
0.349594
0.351032
0.370962
0.386456
0.364562
0.353388
0.337968
0.345232
0.349076
0.344974
0.340232
0.339494
0.354438
0.348960
0.353650
0.365674
0.366568
0.384470
0.386614
0.371110
0.357930
0.366786
0.389312
0.426952
0.378776
0.360696
0.371594
0.383526
0.377444
0.365806
0.357144
0.367878
0.361060
0.369458
0.366548
0.383400
0.374450
0.367962
0.348458
0.363576
0.379134
0.379750
0.376802
0.376068
0.384756
0.379262
0.384848
0.398976
0.386776
0.385716
0.385938
0.400062
0.392056
0.389036
0.409190
0.421250
0.414118
0.391240
0.376964
0.357194
0.350262
0.348174
0.354990
0.345148
0.344154
0.344130
0.307670
0.353906
0.354600
0.370598
0.377334
0.357950
0.349942
0.369434
0.397468
0.390720
0.375626
0.359580
0.368452
0.348190
0.340086
0.337082
0.344424
0.348672
0.359102
0.376690
0.392878
0.398270
0.403668
0.407630
0.435964
0.412336
0.427290
0.413772
0.400332
0.406076
0.404822
0.413056
0.420508
0.406276
0.403328
0.370302
0.358122
0.384592
0.384564
0.364298
0.357054
0.359932
0.373146
0.377656
0.374522
0.385352
0.383314
0.393370
0.388532
0.374820
0.349726
0.349570
0.359740
0.379446
0.359518
0.372936
0.366528
0.355832
0.357888
0.364054
0.383252
0.392262
0.381156
0.358868
0.365184
0.369180
0.353112
0.363660
0.357280
0.376662
0.383422
0.384672
0.388564
0.389882
0.377358
0.379746
0.377756
0.374772
0.406328
0.400808
0.401190
0.369168
0.385870
0.399340
0.401768
0.399178
0.408600
0.411506
0.404164
0.399774
0.365662
0.352724
0.351066
0.347940
0.366136
0.382642
0.392184
0.395872
0.404116
0.380950
0.382904
0.374746
0.366372
0.369064
0.374656
0.382336
0.401044
0.419198
0.412308
0.416574
0.459084
0.424608
0.436152
0.413258
0.393678
0.378622
0.374246
0.358604
0.385552
0.415108
0.426540
0.377886
0.385662
0.416006
0.422980
0.450268
0.439450
0.451584
0.433574
0.424650
0.443810
0.415932
0.411790
0.421642
0.400998
0.384468
0.400194
0.420872
0.413282
0.371190
0.387080
0.399928
0.432090
0.466352
0.448432
0.431564
0.464896
0.471822
0.445096
0.425664
0.515916
0.388492
0.000000
0.531820
0.552062
0.572830
0.553552
0.535136
0.522892
0.430308
0.416340
0.471884
0.495574
0.511630
0.485554
0.463832
0.493426
0.390352
0.375766
0.391392
0.358888
0.349540
0.347764
0.355966
0.375160
0.360898
0.350784
0.359860
0.377490
0.354604
0.360314
0.355392
0.349508
0.353886
0.357164
0.366400
0.386454
0.368206
0.373520
0.365904
0.359806
0.364650
0.359540
0.370738
0.381998
0.388518
0.392996
0.409612
0.407140
0.413822
0.401422
0.402122
0.399058
0.410200
0.411248
0.429084
0.389766
0.448778
0.391848
0.405316
0.409360
0.417712
0.412364
0.411668
0.472634
0.423428
0.388156
0.415028
0.410620
0.379960
0.409058
0.395914
0.389394
0.397388
0.402942
0.431932
0.416816
0.413082
0.386498
0.387124
0.390954
0.395850
0.415458
0.389410
0.389524
0.393130
0.404326
0.404344
0.393924
0.413790
0.436806
0.500540
0.474200
0.447928
0.449110
0.389378
0.386616
0.442552
0.459004
0.401876
0.378362
0.363372
0.380342
0.406780
0.439034
0.439464
0.396868
0.378518
0.365498
0.364514
0.361460
0.369352
0.393530
0.447664
0.439344
0.450414
0.445850
0.447132
0.391650
0.344740
0.389498
0.389350
0.389476
0.388920
0.388904
0.336714
0.299850
0.327744
0.327550
0.387958
0.418026
0.444796
0.404660
0.422788
0.400954
0.437860
0.444710
0.455092
0.440766
0.442590
0.427252
0.433760
0.442022
0.398104
0.408308
0.441118
0.444112
0.437420
0.436146
0.445356
0.485850
0.515586
0.511892
0.478762
0.478892
0.491218
0.487888
0.407946
0.396198
0.400564
0.378208
0.359016
0.355498
0.354358
0.366458
0.367084
0.359626
0.347902
0.360862
0.348300
0.349518
0.351328
0.343620
0.346588
0.342792
0.346498
0.352862
0.369090
0.387424
0.366842
0.373052
0.350562
0.353364
0.361928
0.383886
0.376522
0.391982
0.379574
0.389544
0.383072
0.365392
0.363194
0.369882
0.370146
0.378638
0.381288
0.389682
0.393144
0.391778
0.418054
0.476626
0.471132
0.474550
0.439570
0.507848
0.520906
0.508040
0.489664
0.513804
0.419222
0.392066
0.375244
0.384398
0.409172
0.419324
0.448526
0.404692
0.403802
0.373276
0.404022
0.390318
0.376210
0.348612
0.354468
0.364052
0.366552
0.359740
0.393492
0.393876
0.370494
0.364162
0.361730
0.349378
0.363482
0.353508
0.349508
0.379556
0.392006
0.379876
0.382012
0.358362
0.342614
0.348526
0.344188
0.350910
0.367352
0.373402
0.361006
0.370384
0.372030
0.366232
0.377516
0.358998
0.362372
0.352746
0.349230
0.352494
0.375266
0.396502
0.428168
0.467682
0.465450
0.435052
0.442288
0.431350
0.407900
0.415444
0.447842
0.471708
0.411828
0.389124
0.390050
0.417930
0.393150
0.415832
0.415804
0.376142
0.364316
0.375726
0.408374
0.410746
0.442968
0.432288
0.447532
0.454076
0.414100
0.432402
0.396876
0.415836
0.425818
0.424080
0.352396
0.402914
0.373426
0.364708
0.358044
0.359582
0.358284
0.368536
0.382756
0.426784
0.436682
0.454750
0.481324
0.435606
0.477798
0.492024
0.470740
0.419448
0.446556
0.413884
0.416698
0.424724
0.450156
0.502050
0.467486
0.445242
0.434452
0.481628
0.522022
0.505240
0.457420
0.418696
0.385594
0.474656
0.485908
0.482002
0.448524
0.394250
0.394222
0.387646
0.379970
0.377468
0.375200
0.380118
0.418918
0.442480
0.446256
0.412562
0.447830
0.426328
0.428842
0.408296
0.429854
0.476434
0.444600
0.473622
0.387150
0.427626
0.396734
0.363006
0.350536
0.350060
0.372708
0.371190
0.360168
0.366360
0.386114
0.400048
0.393908
0.396474
0.419170
0.408458
0.442684
0.426536
0.434524
0.469474
0.489576
0.491730
0.464290
0.422730
0.368570
0.387708
0.413736
0.409412
0.426352
0.417680
0.434080
0.452964
0.439494
0.407386
0.423934
0.425088
0.426602
0.414828
0.383546
0.373124
0.385314
0.378146
0.397708
0.421048
0.378030
0.373478
0.373868
0.391948
0.384412
0.382522
0.422910
0.478932
0.442354
0.447394
0.370640
0.364290
0.398432
0.413546
0.439828
0.465976
0.445532
0.433034
0.406266
0.378260
0.364656
0.391118
0.391285
0.391534
0.385440
0.444880
0.410768
0.406150
0.434294
0.433856
0.400304
0.368278
0.365298
0.357012
0.355596
0.381608
0.393026
0.392796
0.398872
0.405718
0.411740
0.409878
0.387668
0.403940
0.418418
0.397580
0.385150
0.401818
0.390678
0.385936
0.377844
0.361846
0.368250
0.407148
0.415964
0.389318
0.376762
0.372548
0.386134
0.382864
0.360660
0.374448
0.376790
0.398018
0.399860
0.411470
0.397698
0.396868
0.382682
0.370632
0.368370
0.395596
0.420986
0.388696
0.381600
0.378096
0.383308
0.380810
0.403036
0.399562
0.410718
0.383216
0.362042
0.361542
0.345920
0.351968
0.363358
0.339340
0.350876
0.350582
0.358764
0.374262
0.405868
0.419314
0.402054
0.380608
0.367812
0.343990
0.342582
0.352126
0.355234
0.350238
0.368056
0.362716
0.392950
0.381538
0.364242
0.349850
0.360774
0.359134
0.347936
0.371162
0.375332
0.380088
0.370134
0.366860
0.379770
0.375818
0.358948
0.397810
0.413352
0.403090
0.417562
0.402548
0.399886
0.412622
0.385216
0.419282
0.440156
0.394502
0.389342
0.357966
0.388522
0.418508
0.442134
0.420318
0.404508
0.421742
0.436392
0.384122
0.345792
0.394034
0.376772
0.360860
0.366710
0.371050
0.374826
0.370724
0.378934
0.369586
0.372346
0.370682
0.360038
0.344086
0.339580
0.344716
0.353426
0.341190
0.336164
0.345350
0.344266
0.343796
0.353298
0.359784
0.366472
0.396830
0.385358
0.382940
0.408684
0.394100
0.377724
0.394320
0.406270
0.381920
0.383722
0.378828
0.374350
0.393924
0.441844
0.433676
0.413134
0.423894
0.415916
0.444498
0.387700
0.406730
0.386618
0.412606
0.455060
0.390524
0.383980
0.388278
0.421772
0.425098
0.399386
0.377922
0.404910
0.423946
0.431680
0.470390
0.413170
0.433860
0.422776
0.412566
0.408578
0.374266
0.367204
0.375268
0.400372
0.430070
0.442002
0.450126
0.486686
0.469240
0.442196
0.556656
0.532922
0.569366
0.510712
0.574142
0.569314
0.568858
0.407696
0.409336
0.431160
0.399916
0.394238
0.402198
0.401136
0.365056
0.389644
0.405638
0.411476
0.383784
0.390912
0.397894
0.425514
0.401514
0.387100
0.376758
0.371692
0.352630
0.349152
0.344748
0.358182
0.355284
0.342984
0.350092
0.359996
0.371544
0.380154
0.389328
0.386382
0.402170
0.372702
0.428572
0.396956
0.369784
0.391478
0.380326
0.400270
0.420644
0.392236
0.386584
0.372982
0.376602
0.387960
0.375196
0.358472
0.358264
0.385262
0.362992
0.351596
0.347210
0.363258
0.365136
0.384570
0.404246
0.386486
0.364808
0.354424
0.353640
0.348936
0.345748
0.345306
0.353890
0.362594
0.384530
0.411694
0.459664
0.416396
0.452646
0.466726
0.429966
0.465428
0.431852
0.463778
0.415680
0.446608
0.463738
0.416514
0.389872
0.386148
0.388690
0.388496
0.382106
0.402982
0.396664
0.400904
0.356044
0.373946
0.374010
0.375076
0.375196
0.013816
0.000000
0.000000
0.000000
0.000000
0.000000
0.000000
0.000000
0.000000
0.000000
0.000000
0.000000
0.000000
0.000000
0.000000
0.000000
0.000000
0.000000
0.000000
0.000000
0.000000
0.000000
0.000000
0.000000
0.000000
0.000000
0.000000
0.000000
0.000000
0.000000
0.297912
0.287418
0.380654
0.308768
0.325526
0.348008
0.308356
0.273356
0.381420
0.309066
0.361198
0.304834
0.327074
0.393098
0.344366
0.222854
0.405928
0.435890
0.390482
0.404768
0.392820
0.369608
0.394136
0.409872
0.386946
0.356086
0.348382
0.363284
0.388862
0.397216
0.389698
0.407294
0.413806
0.390094
0.402938
0.409306
0.384116
0.383574
0.395308
0.372400
0.361810
0.380262
0.426768
0.383834
0.386582
0.403388
0.402286
0.416710
0.406392
0.410208
0.389376
0.415314
0.412592
0.411818
0.447630
0.439926
0.429774
0.448820
0.470014
0.406976
0.422462
0.418922
0.443134
0.414788
0.448278
0.490924
0.466964
0.419060
0.435338
0.430330
0.425970
0.452744
0.420584
0.422196
0.433382
0.467276
0.460872
0.427578
0.389486
0.393600
0.387578
0.388132
0.376282
0.357236
0.344872
0.350516
0.353770
0.371982
0.397346
0.407452
0.392126
0.383110
0.393364
0.427718
0.437128
0.400432
0.415644
0.437388
0.417500
0.412932
0.372428
0.389296
0.411482
0.411236
0.416830
0.446856
0.457204
0.501274
0.428174
0.403320
0.377000
0.408690
0.416626
0.416594
0.386052
0.368076
0.375506
0.394052
0.409854
0.439822
0.425990
0.417352
0.494680
0.445924
0.400654
0.442070
0.415378
0.494836
0.441746
0.442458
0.403166
0.466252
0.483432
0.466224
0.527294
0.521732
0.496706
0.534260
0.504706
0.516880
0.493302
0.494538
0.484758
0.469206
0.473484
0.527488
0.560286
0.563036
0.529990
0.530884
0.536814
0.579438
0.591718
0.595334
0.506566
0.395830
0.429798
0.474908
0.472428
0.441182
0.395984
0.413764
0.459152
0.426080
0.392148
0.385550
0.410974
0.461284
0.455522
0.413774
0.428708
0.419742
0.426090
0.372318
0.361862
0.362592
0.376702
0.405476
0.437062
0.438540
0.450870
0.451380
0.443182
0.442012
0.426800
0.426908
0.440558
0.388826
0.394852
0.408494
0.397728
0.401096
0.402652
0.386302
0.356840
0.374510
0.374418
0.384484
0.427356
0.392544
0.398600
0.403446
0.416662
0.390850
0.412762
0.412134
0.380332
0.389418
0.400234
0.408890
0.395804
0.389702
0.400208
0.419180
0.424890
0.436488
0.431190
0.429570
0.388188
0.409532
0.407584
0.377822
0.416444
0.411994
0.400924
0.429054
0.420628
0.419898
0.380982
0.388622
0.382146
0.410570
0.401874
0.346016
0.370996
0.292917
0.383348
0.383730
0.383538
0.304044
0.272276
0.407296
0.487626
0.450394
0.431262
0.423982
0.429594
0.419568
0.422862
0.441986
0.436520
0.428226
0.368306
0.441120
0.452192
0.452612
0.404518
0.400614
0.367250
0.366672
0.362320
0.375336
0.366170
0.356624
0.354940
0.342330
0.347240
0.339056
0.346062
0.351398
0.350802
0.354120
0.377952
0.380412
0.383042
0.393336
0.390322
0.376502
0.386274
0.364912
0.392440
0.400298
0.407088
0.390980
0.393630
0.360350
0.349892
0.351036
0.357730
0.359440
0.359670
0.378758
0.405098
0.425124
0.437732
0.482870
0.466686
0.495398
0.487388
0.519124
0.474798
0.418922
0.396986
0.429714
0.435522
0.380164
0.441154
0.430176
0.419452
0.382960
0.417252
0.457814
0.475212
0.465468
0.521844
0.449926
0.441176
0.444956
0.370768
0.359230
0.377062
0.373406
0.372648
0.368484
0.428282
0.402592
0.391386
0.397602
0.453176
0.463394
0.425322
0.396276
0.388780
0.365658
0.388544
0.394678
0.382466
0.375458
0.403526
0.398516
0.397704
0.422752
0.411050
0.425808
0.411914
0.394052
0.391786
0.430428
0.396988
0.436036
0.449492
0.486314
0.454296
0.419088
0.380272
0.426738
0.433404
0.468402
0.494230
0.439676
0.453268
0.486738
0.433308
0.498224
0.420108
0.429780
0.403106
0.381944
0.369900
0.386696
0.393878
0.369176
0.371432
0.373958
0.380182
0.393408
0.412076
0.442946
0.406336
0.394012
0.414832
0.401470
0.446372
0.436252
0.412406
0.435222
0.380796
0.347706
0.418198
0.420502
0.424278
0.446896
0.399002
0.414508
0.462536
0.475622
0.411552
0.416590
0.422480
0.440382
0.454880
0.449174
0.424786
0.460608
0.479312
0.502822
0.464402
0.423038
0.428942
0.427088
0.443262
0.429364
0.459918
0.443254
0.435178
0.452174
0.470470
0.466752
0.480036
0.476814
0.525568
0.550248
0.575746
0.445913
0.453954
0.576436
0.581682
0.554930
0.542326
0.523988
0.496216
0.448154
0.412722
0.387604
0.377282
0.388698
0.432432
0.408986
0.389470
0.414320
0.454972
0.436434
0.435478
0.411666
0.405418
0.426508
0.444792
0.416908
0.449024
0.421196
0.414524
0.402068
0.411500
0.388140
0.409698
0.420092
0.351944
0.418328
0.439442
0.464026
0.415998
0.431480
0.421782
0.446512
0.407332
0.409990
0.374912
0.366712
0.365394
0.363748
0.362096
0.356580
0.354116
0.350322
0.349500
0.355584
0.362128
0.367506
0.391874
0.399984
0.359340
0.372334
0.360026
0.371108
0.388366
0.380434
0.359438
0.393592
0.432862
0.390512
0.407792
0.431294
0.445478
0.403214
0.418822
0.417842
0.437650
0.390102
0.363006
0.347394
0.351762
0.352328
0.362222
0.367260
0.371316
0.363616
0.365602
0.370528
0.368312
0.383850
0.395816
0.415874
0.454984
0.500864
0.469186
0.479210
0.453204
0.441522
0.477148
0.451684
0.409884
0.378016
0.363172
0.366652
0.398092
0.238058
0.337050
0.400720
0.400990
0.400974
0.400633
0.401022
0.401908
0.302290
0.370226
0.365284
0.353438
0.369682
0.432462
0.462574
0.390336
0.382840
0.409236
0.411970
0.387292
0.426378
0.495262
0.534552
0.458406
0.499190
0.419332
0.450182
0.563212
0.528808
0.510064
0.523400
0.498890
0.497204
0.498132
0.507390
0.493878
0.473912
0.518234
0.514782
0.500324
0.523352
0.394722
0.464184
0.460444
0.491860
0.455650
0.429844
0.414678
0.429678
0.462952
0.476372
0.445778
0.449184
0.448468
0.410214
0.435864
0.424058
0.442520
0.407398
0.381998
0.370458
0.360330
0.355934
0.360430
0.386600
0.401596
0.387462
0.365704
0.366050
0.363614
0.391260
0.394978
0.419600
0.386368
0.382560
0.355796
0.367398
0.351726
0.367960
0.373002
0.349358
0.351432
0.364740
0.386862
0.398086
0.391044
0.412890
0.412008
0.405424
0.403572
0.381958
0.393022
0.369652
0.362392
0.353318
0.350976
0.359290
0.343374
0.350532
0.359658
0.387480
0.376134
0.378740
0.394544
0.396444
0.363252
0.381340
0.366438
0.353172
0.362612
0.353286
0.376926
0.359678
0.375968
0.397500
0.402052
0.389938
0.388476
0.381766
0.396588
0.391886
0.406592
0.415084
0.424176
0.431704
0.422528
0.439754
0.453926
0.394468
0.409344
0.428740
0.445810
0.467326
0.442706
0.498160
0.458356
0.458506
0.492594
0.501156
0.472276
0.459566
0.421538
0.418508
0.391748
0.425686
0.436764
0.429160
0.371406
0.423036
0.453246
0.417970
0.461488
0.476226
0.412218
0.382372
0.386566
0.440530
0.398704
0.426658
0.440670
0.444614
0.420964
0.436252
0.424854
0.408714
0.427766
0.429700
0.479074
0.470766
0.429440
0.458520
0.441542
0.393392
0.456378
0.468608
0.480448
0.501826
0.439470
0.435940
0.421170
0.435974
0.444186
0.487448
0.507756
0.414982
0.435170
0.437484
0.422534
0.418728
0.378822
0.381346
0.370054
0.382378
0.424144
0.421028
0.431298
0.425324
0.405500
0.398396
0.393548
0.369394
0.379420
0.377382
0.355108
0.357208
0.354276
0.356258
0.370848
0.395262
0.387032
0.366888
0.363710
0.359774
0.372844
0.379560
0.375740
0.372918
0.348166
0.368506
0.390842
0.389992
0.390052
0.395584
0.384630
0.393370
0.402460
0.358060
0.375864
0.380678
0.390774
0.393514
0.418688
0.432530
0.424936
0.415552
0.406348
0.376350
0.358192
0.447744
0.337948
0.385682
0.385374
0.385502
0.385218
0.335946
0.377762
0.387810
0.364146
0.374352
0.367150
0.363314
0.361624
0.363084
0.382796
0.397716
0.396064
0.363016
0.376530
0.372098
0.364946
0.392186
0.378814
0.393444
0.384418
0.400214
0.462746
0.410716
0.463046
0.465340
0.484036
0.443708
0.418096
0.451068
0.446662
0.506048
0.486512
0.490164
0.452110
0.483200
0.413402
0.363146
0.449768
0.481956
0.448382
0.488122
0.466582
0.391812
0.376462
0.363464
0.362394
0.345220
0.349196
0.356178
0.366852
0.369056
0.407202
0.379792
0.383554
0.401562
0.423218
0.374744
0.400030
0.399252
0.380784
0.388524
0.400282
0.397652
0.406670
0.401890
0.396168
0.379100
0.380418
0.373748
0.381178
0.371992
0.357582
0.354218
0.345704
0.353588
0.350000
0.354306
0.390504
0.392850
0.389158
0.380738
0.357038
0.356832
0.347036
0.365686
0.379848
0.367926
0.357980
0.348752
0.352910
0.357368
0.373266
0.365996
0.357330
0.347674
0.345448
0.341894
0.351394
0.347248
0.344394
0.349222
0.358140
0.360420
0.364546
0.390126
0.378574
0.361606
0.353708
0.353826
0.368952
0.393056
0.393164
0.415734
0.410808
0.413148
0.427200
0.408900
0.412264
0.419452
0.378130
0.388750
0.384128
0.404734
0.407108
0.373914
0.370654
0.404930
0.394540
0.397366
0.406036
0.378000
0.405072
0.380646
0.422372
0.426218
0.425016
0.408624
0.416490
0.425116
0.411292
0.428370
0.431628
0.455740
0.463762
0.452540
0.497736
0.439810
0.458618
0.490128
0.443174
0.434068
0.442030
0.503078
0.483304
0.443156
0.443088
0.421956
0.430406
0.412318
0.457672
0.475374
0.444858
0.428452
0.425178
0.440888
0.438360
0.484656
0.460682
0.471710
0.502802
0.471486
0.468804
0.477722
0.460630
0.512716
0.516532
0.466888
0.415518
0.408160
0.402678
0.414766
0.412242
0.437602
0.461386
0.432546
0.427914
0.471004
0.470654
0.511614
0.508782
0.557642
0.527098
0.407146
0.000000
0.000000
0.000000
0.000000
0.000000
0.000000
0.000000
0.000000
0.000000
0.000000
0.000000
0.000000
0.000000
0.000000
0.000000
0.000000
0.000000
0.000000
0.000000
0.000000
0.000000
0.000000
0.000000
0.000000
0.000000
0.000000
0.000000
0.000000
0.000000
0.000000
0.000000
0.000000
0.377534
0.388556
0.387446
0.385815
0.294702
0.371252
0.434088
0.402164
0.420976
0.429772
0.431646
0.413462
0.417482
0.382122
0.406630
0.408092
0.422708
0.438758
0.417498
0.410016
0.418366
0.403410
0.438352
0.424798
0.437650
0.408922
0.404206
0.426350
0.427386
0.416950
0.443576
0.399646
0.389756
0.392066
0.403992
0.393154
0.383406
0.391964
0.363616
0.359520
0.403388
0.389218
0.393884
0.366180
0.355628
0.361458
0.379922
0.385860
0.397616
0.427818
0.403830
0.405262
0.378968
0.397760
0.398638
0.390608
0.395408
0.419770
0.420532
0.426670
0.407434
0.401996
0.381366
0.380758
0.405120
0.390906
0.387840
0.413090
0.404930
0.394886
0.407476
0.403598
0.429344
0.401968
0.424862
0.378332
0.355616
0.356776
0.356034
0.343036
0.340278
0.338172
0.350702
0.338744
0.344542
0.352144
0.362770
0.390652
0.359920
0.383124
0.366950
0.353430
0.346480
0.340002
0.334186
0.346738
0.347526
0.339542
0.343476
0.343862
0.347328
0.353232
0.345942
0.350376
0.348106
0.340548
0.332294
0.345760
0.340258
0.344200
0.344604
0.340610
0.358170
0.369254
0.386270
0.392264
0.377286
0.372892
0.374996
0.388884
0.370454
0.369396
0.388370
0.378554
0.370834
0.374636
0.374212
0.374004
0.384404
0.379378
0.353720
0.347026
0.344320
0.339412
0.343510
0.347520
0.348282
0.346556
0.347956
0.351546
0.340920
0.309670
0.345598
0.341762
0.347764
0.347488
0.338246
0.347858
0.343782
0.360668
0.366424
0.368750
0.355832
0.356904
0.361986
0.366392
0.367004
0.398262
0.405412
0.429782
0.380334
0.378634
0.393402
0.402142
0.419934
0.451542
0.429260
0.430386
0.434590
0.417104
0.406334
0.368528
0.370888
0.382014
0.396332
0.368542
0.354928
0.361666
0.356530
0.361832
0.384158
0.404548
0.389362
0.374244
0.375498
0.378302
0.384284
0.408012
0.431196
0.472886
0.442214
0.474198
0.386648
0.458968
0.521494
0.471380
0.517062
0.410788
0.000000
0.000000
0.000000
0.000000
0.000000
0.000000
0.000000
0.000000
0.000000
0.000000
0.000000
0.000000
0.000000
0.000000
0.000000
0.000000
0.000000
0.000000
0.000000
0.000000
0.000000
0.000000
0.000000
0.000000
0.000000
0.000000
0.000000
0.000000
0.000000
0.000000
0.000000
0.000000
0.087116
0.000000
0.000000
0.000000
0.000000
0.384032
0.290638
0.333738
0.362094
0.427490
0.441046
0.422404
0.379144
0.420242
0.472106
0.469338
0.449604
0.454226
0.392954
0.378824
0.368520
0.357214
0.349392
0.343414
0.347266
0.355872
0.359858
0.359796
0.372468
0.376812
0.394138
0.398706
0.391034
0.389528
0.377686
0.379826
0.414676
0.430808
0.409766
0.404642
0.388820
0.400626
0.384562
0.370594
0.374240
0.374886
0.391642
0.385038
0.363940
0.345582
0.344116
0.352670
0.342876
0.346814
0.342578
0.346844
0.347098
0.368578
0.382400
0.376974
0.359400
0.349362
0.340350
0.360838
0.352118
0.355096
0.365378
0.408442
0.420528
0.392812
0.411404
0.400190
0.409704
0.387352
0.397914
0.391216
0.390520
0.415012
0.422116
0.400398
0.412368
0.400336
0.403276
0.386542
0.399914
0.394204
0.398488
0.394316
0.380616
0.388684
0.388062
0.421970
0.390350
0.373728
0.372294
0.408892
0.409646
0.430318
0.462804
0.403058
0.422116
0.384086
0.363644
0.435164
0.387924
0.432764
0.458058
0.453366
0.444076
0.406524
0.413312
0.402020
0.411426
0.436328
0.450618
0.440866
0.441404
0.484608
0.438788
0.455300
0.419704
0.460770
0.485658
0.452504
0.448318
0.413898
0.383360
0.385358
0.377746
0.373712
0.375932
0.411614
0.379526
0.355692
0.359214
0.346154
0.358158
0.358540
0.361372
0.379408
0.367332
0.354336
0.369538
0.380496
0.402896
0.405378
0.409606
0.442190
0.423176
0.459950
0.433956
0.453762
0.409184
0.479996
0.486590
0.398620
0.483352
0.444890
0.450678
0.474468
0.453016
0.432064
0.432810
0.419476
0.414626
0.408732
0.456520
0.499338
0.470236
0.507100
0.475652
0.468226
0.463416
0.479822
0.498834
0.478502
0.501948
0.533750
0.568306
0.576452
0.473158
0.413670
0.223561
0.000000
0.000000
0.000000
0.000000
0.000000
0.000000
0.000000
0.000000
0.000000
0.000000
0.000000
0.000000
0.000000
0.000000
0.000000
0.000000
0.000000
0.000000
0.000000
0.000000
0.000000
0.000000
0.000000
0.000000
0.000000
0.000000
0.000000
0.000000
0.000000
0.000000
0.000000
0.000000
0.000000
0.000000
0.375702
0.377740
0.377940
0.378860
0.378760
0.340202
0.444434
0.373466
0.382728
0.350646
0.381678
0.439938
0.398930
0.401834
0.387114
0.400936
0.418310
0.442706
0.410696
0.409452
0.410806
0.420618
0.439086
0.445322
0.448838
0.418204
0.431094
0.422650
0.472436
0.423092
0.430410
0.401134
0.406076
0.414290
0.416878
0.404432
0.379808
0.367612
0.362316
0.377394
0.374804
0.370848
0.383030
0.407182
0.393282
0.402070
0.486382
0.473942
0.445400
0.477704
0.440138
0.419050
0.424850
0.453786
0.404570
0.414092
0.449736
0.416996
0.376098
0.359482
0.373850
0.398570
0.391496
0.389232
0.372488
0.376298
0.404200
0.401604
0.424926
0.402788
0.426962
0.406290
0.392058
0.371594
0.360194
0.373300
0.406466
0.398342
0.377830
0.374788
0.403456
0.421624
0.412674
0.402840
0.421738
0.411122
0.406312
0.417056
0.406130
0.390242
0.423860
0.434906
0.439982
0.418668
0.428842
0.466552
0.468872
0.423348
0.467540
0.477488
0.426386
0.418270
0.437000
0.452184
0.435694
0.463426
0.486128
0.413356
0.419952
0.405840
0.432188
0.426490
0.418396
0.470032
0.509756
0.490102
0.484476
0.458752
0.429338
0.384772
0.404260
0.537532
0.462678
0.474182
0.443584
0.418290
0.431984
0.449960
0.420016
0.396862
0.436066
0.448496
0.418884
0.400540
0.396396
0.457848
0.432528
0.431522
0.403586
0.386602
0.377942
0.415102
0.461558
0.466670
0.466460
0.462824
0.466682
0.466436
0.414560
0.420842
0.444322
0.431170
0.454712
0.392254
0.385846
0.390704
0.380126
0.380910
0.412698
0.389368
0.373014
0.389008
0.427276
0.444162
0.436192
0.407434
0.444612
0.443460
0.482488
0.417318
0.530126
0.605244
0.610524
0.544810
0.559380
0.542596
0.498062
0.479344
0.510774
0.519316
0.470910
0.442986
0.414334
0.411720
0.415078
0.408196
0.414476
0.473888
0.447538
0.416546
0.432776
0.475754
0.499764
0.466902
0.467896
0.449812
0.424690
0.414772
0.433066
0.460780
0.455426
0.469378
0.489532
0.426596
0.447614
0.421680
0.414990
0.437722
0.452264
0.446018
0.434274
0.420558
0.435320
0.444034
0.448122
0.432902
0.451902
0.449644
0.440932
0.434648
0.433664
0.417484
0.405028
0.431002
0.472944
0.480132
0.484642
0.502182
0.490052
0.490110
0.498066
0.514026
0.504466
0.414408
0.410274
0.422300
0.329200
0.438712
0.362226
0.324020
0.415014
0.401578
0.337068
0.394950
0.394902
0.394856
0.373818
0.000000
0.000000
0.000000
0.000000
0.000000
0.000000
0.000000
0.000000
0.000000
0.000000
0.000000
0.000000
0.000000
0.000000
0.000000
0.000000
0.341864
0.424282
0.383504
0.434194
0.428828
0.436150
0.487734
0.463820
0.465724
0.447700
0.407148
0.393432
0.398486
0.399382
0.401918
0.423472
0.431690
0.440164
0.432010
0.429648
0.453204
0.482726
0.504932
0.477274
0.449832
0.387348
0.369558
0.371632
0.365238
0.357950
0.358512
0.373246
0.367926
0.365124
0.358998
0.363904
0.370302
0.392880
0.411178
0.440506
0.471642
0.502828
0.495144
0.488464
0.482704
0.440256
0.431148
0.466022
0.500440
0.410060
0.437688
0.439358
0.377720
0.451952
0.418070
0.400654
0.457962
0.468986
0.436900
0.368674
0.363720
0.390698
0.411394
0.431954
0.426088
0.430652
0.429084
0.409404
0.417358
0.446748
0.488694
0.431484
0.423124
0.413974
0.429226
0.493056
0.481378
0.525284
0.556186
0.485206
0.490310
0.485570
0.517164
0.526854
0.586824
0.578388
0.530282
0.430480
0.000000
0.408528
0.484574
0.528096
0.513572
0.484050
0.493292
0.417504
0.522060
0.461916
0.521198
0.455604
0.456356
0.476004
0.449120
0.523758
0.497322
0.496744
0.448022
0.469122
0.450618
0.443068
0.434052
0.429098
0.427726
0.396050
0.416438
0.402508
0.404244
0.411412
0.399506
0.424904
0.445028
0.443326
0.444684
0.500326
0.527674
0.514558
0.441548
0.503020
0.450994
0.426686
0.439738
0.497350
0.411236
0.385220
0.355090
0.409026
0.409040
0.408972
0.409116
0.409260
0.408914
0.408392
0.407978
0.351408
0.449174
0.452196
0.464648
0.494568
0.456696
0.409246
0.419630
0.449554
0.434688
0.445030
0.446000
0.420214
0.451204
0.436624
0.446454
0.463062
0.426444
0.438870
0.465346
0.477884
0.415736
0.450754
0.490098
0.491144
0.471034
0.494340
0.488250
0.401976
0.448908
0.514300
0.486464
0.480904
0.481062
0.497370
0.498254
0.488950
0.499630
0.482258
0.420474
0.451214
0.418492
0.490206
0.427300
0.471956
0.481020
0.483850
0.514030
0.463276
0.426168
0.399490
0.377488
0.361266
0.351890
0.364698
0.371122
0.376898
0.410404
0.399396
0.402080
0.445208
0.462462
0.469676
0.452934
0.411352
0.434180
0.416662
0.426360
0.384918
0.438340
0.381040
0.424968
0.433284
0.427146
0.477266
0.440098
0.445216
0.459592
0.385988
0.421502
0.468608
0.428672
0.439342
0.448268
0.391496
0.382146
0.381606
0.373618
0.370396
0.377038
0.393080
0.462962
0.460878
0.503704
0.486482
0.510400
0.521560
0.501990
0.527404
0.505434
0.494834
0.512848
0.474920
0.533302
0.502900
0.546878
0.531618
0.515994
0.518344
0.586228
0.519320
0.538524
0.530644
0.482511
0.412694
0.424806
0.369282
0.362286
0.379328
0.401788
0.418526
0.414206
0.376408
0.376244
0.390376
0.407364
0.394190
0.403402
0.435148
0.400468
0.413486
0.439298
0.399972
0.421542
0.441352
0.411456
0.401692
0.446320
0.450042
0.424072
0.446456
0.430918
0.422408
0.394002
0.337108
0.394446
0.396388
0.396434
0.396942
0.396754
0.396728
0.396592
0.395910
0.396354
0.396244
0.341324
0.398122
0.411244
0.429826
0.385770
0.450934
0.432244
0.412570
0.413410
0.389384
0.394124
0.391640
0.408306
0.375540
0.374356
0.371558
0.353614
0.344814
0.346846
0.346464
0.359672
0.370418
0.404974
0.400984
0.381980
0.350840
0.359806
0.358034
0.379056
0.404438
0.407222
0.422864
0.404656
0.457216
0.430010
0.372944
0.370790
0.362562
0.371034
0.359834
0.357280
0.358524
0.378800
0.379794
0.362296
0.362658
0.358382
0.364646
0.409536
0.407738
0.436060
0.451924
0.411340
0.412110
0.424882
0.464482
0.497864
0.398994
0.449806
0.429122
0.431684
0.415264
0.394852
0.377832
0.373592
0.361624
0.373764
0.385166
0.379564
0.386980
0.380260
0.394832
0.372054
0.429202
0.432032
0.437756
0.433564
0.427194
0.424962
0.366700
0.355138
0.377318
0.411370
0.388894
0.414236
0.423726
0.386410
0.378550
0.355860
0.345706
0.348154
0.348052
0.339560
0.349900
0.352840
0.349808
0.359818
0.352156
0.372046
0.392234
0.380934
0.357794
0.349288
0.355162
0.376862
0.359934
0.394374
0.430336
0.393438
0.439896
0.408444
0.429830
0.446282
0.437106
0.407350
0.427648
0.485106
0.463634
0.518754
0.324540
0.431054
0.595530
0.602610
0.579702
0.571504
0.520378
0.549958
0.560924
0.548544
0.533526
0.536174
0.526030
0.504636
0.475858
0.477246
0.536752
0.513336
0.482252
0.439766
0.469258
0.524952
0.522432
0.524806
0.456214
0.439458
0.514664
0.507492
0.504968
0.523240
0.456266
0.504442
0.454780
0.507844
0.503708
0.528726
0.525924
0.543580
0.548286
0.520410
0.466380
0.408764
0.404562
0.404730
0.414404
0.401300
0.418882
0.420044
0.411530
0.353400
0.008188
0.000000
0.000000
0.000000
0.000000
0.000000
0.343486
0.420782
0.431680
0.442498
0.482154
0.463644
0.465258
0.431994
0.445124
0.427486
0.439590
0.467980
0.510874
0.460280
0.451454
0.468078
0.502744
0.524904
0.447176
0.412596
0.432506
0.468596
0.522342
0.515154
0.480090
0.444174
0.519780
0.479122
0.479556
0.514156
0.493240
0.427110
0.479516
0.422526
0.430690
0.534326
0.522590
0.491328
0.493594
0.497636
0.518202
0.484118
0.517428
0.531546
0.517612
0.512422
0.531918
0.501760
0.470360
0.429074
0.445274
0.452762
0.448580
0.505500
0.485882
0.495922
0.552260
0.461700
0.435432
0.442580
0.439728
0.471138
0.496791
0.386188
0.481134
0.446628
0.451060
0.444636
0.454026
0.470048
0.466928
0.449902
0.438512
0.437152
0.430774
0.400418
0.390366
0.366540
0.372448
0.375130
0.386886
0.394094
0.390852
0.397134
0.409944
0.378996
0.389802
0.387598
0.386780
0.400438
0.395258
0.369246
0.374538
0.382814
0.388208
0.407072
0.407510
0.405572
0.467014
0.425802
0.427520
0.424364
0.443994
0.419120
0.417466
0.407398
0.420886
0.396908
0.429114
0.456276
0.445296
0.432858
0.470060
0.477408
0.430492
0.353444
0.389242
0.392476
0.392314
0.392220
0.384966
0.350664
0.396218
0.348190
0.379510
0.328306
0.386992
0.479672
0.482336
0.493140
0.466364
0.474692
0.444656
0.450378
0.463886
0.451082
0.500650
0.466290
0.481244
0.448458
0.462008
0.466140
0.418722
0.393286
0.409678
0.447422
0.438816
0.426838
0.414908
0.427590
0.454484
0.463706
0.462860
0.452762
0.438024
0.464910
0.473434
0.448176
0.457294
0.473750
0.480064
0.470078
0.466032
0.472972
0.492876
0.475698
0.469502
0.454690
0.412930
0.402660
0.428010
0.430566
0.394648
0.387998
0.372900
0.391008
0.438272
0.478558
0.494266
0.485710
0.454110
0.466974
0.462694
0.440168
0.429942
0.436050
0.487560
0.534778
0.580544
0.555550
0.588178
0.562306
0.345600
0.000000
0.000000
0.000000
0.000000
0.000000
0.000000
0.000000
0.000000
0.000000
0.000000
0.312270
0.286572
0.387376
0.304756
0.320426
0.291088
0.353502
0.257844
0.272614
0.388148
0.271266
0.248038
0.000000
0.000000
0.000000
0.025444
0.374788
0.407358
0.383728
0.370250
0.379506
0.366940
0.353638
0.355118
0.387942
0.397946
0.358616
0.354524
0.349288
0.346440
0.350546
0.357778
0.342566
0.350122
0.349144
0.350536
0.341558
0.361988
0.345826
0.355152
0.366200
0.397324
0.391702
0.378918
0.362244
0.360862
0.366164
0.384312
0.403324
0.379910
0.368712
0.371674
0.430120
0.441956
0.445796
0.420744
0.453834
0.422978
0.434260
0.441492
0.407276
0.414676
0.460352
0.457208
0.408640
0.435218
0.417314
0.434070
0.426092
0.435174
0.410060
0.410430
0.456346
0.487736
0.497924
0.496192
0.483476
0.499996
0.538422
0.521820
0.519694
0.502014
0.513158
0.422144
0.000000
0.000000
0.000000
0.000000
0.000000
0.000000
0.000000
0.000000
0.000000
0.000000
0.000000
0.000000
0.000000
0.000000
0.000000
0.000000
0.000000
0.000000
0.000000
0.000000
0.000000
0.274612
0.277310
0.282406
0.289662
0.195526
0.000000
0.000000
0.000000
0.000000
0.277684
0.411688
0.359258
0.413972
0.465410
0.479452
0.315486
0.454104
0.477552
0.529364
0.546250
0.496198
0.498390
0.498184
0.439392
0.466010
0.506446
0.510838
0.482968
0.479518
0.481614
0.440008
0.444320
0.463986
0.460130
0.472592
0.396798
0.429096
0.486516
0.466000
0.477868
0.482968
0.475272
0.466514
0.439856
0.460814
0.431834
0.441478
0.407082
0.418132
0.479300
0.432920
0.486638
0.484056
0.544044
0.532684
0.516656
0.485146
0.523998
0.475926
0.442610
0.439326
0.491440
0.501706
0.498498
0.505794
0.530360
0.466394
0.511580
0.519324
0.481660
0.490828
0.527636
0.513554
0.494378
0.444542
0.481720
0.524890
0.499524
0.529316
0.556584
0.505511
0.375690
0.458320
0.496086
0.420450
0.342652
0.455694
0.413836
0.443432
0.380114
0.375120
0.373918
0.380250
0.393574
0.401812
0.410206
0.390040
0.387222
0.396324
0.423208
0.461106
0.428172
0.390318
0.391800
0.393088
0.387316
0.409830
0.408272
0.413738
0.380906
0.379050
0.391422
0.399782
0.395362
0.427966
0.409538
0.425916
0.415068
0.426134
0.428722
0.428516
0.406894
0.382704
0.365868
0.388918
0.398252
0.367812
0.389260
0.425952
0.426058
0.399436
0.395292
0.366794
0.368840
0.358474
0.362620
0.366462
0.364078
0.362484
0.363782
0.364622
0.385158
0.401056
0.391240
0.363670
0.352544
0.363272
0.356014
0.358718
0.360522
0.364176
0.371288
0.364004
0.355460
0.379850
0.244604
0.389874
0.392034
0.398330
0.428334
0.475092
0.485922
0.424640
0.433816
0.389362
0.393566
0.381458
0.376164
0.398754
0.402100
0.419570
0.387778
0.395356
0.397878
0.417648
0.454638
0.427832
0.448990
0.485164
0.349272
0.391584
0.364424
0.395732
0.400542
0.392772
0.410092
0.443438
0.460006
0.418266
0.433066
0.413136
0.400066
0.392380
0.388076
0.401572
0.382752
0.385504
0.411038
0.363458
0.406034
0.406172
0.405940
0.406016
0.405996
0.406140
0.365582
0.370696
0.386756
0.396252
0.399392
0.387642
0.382740
0.426882
0.384680
0.380244
0.370684
0.386146
0.400660
0.457332
0.461514
0.397794
0.434434
0.394884
0.455750
0.445152
0.437880
0.408704
0.388938
0.392192
0.409022
0.399986
0.383796
0.393114
0.381968
0.386284
0.403562
0.387858
0.384008
0.371848
0.364388
0.367266
0.374604
0.372674
0.364556
0.364342
0.357204
0.362466
0.361578
0.360702
0.357520
0.368158
0.366598
0.370468
0.368330
0.358106
0.357950
0.361330
0.359240
0.355850
0.351254
0.361082
0.357408
0.359574
0.360944
0.361604
0.360704
0.360818
0.364860
0.363142
0.361844
0.360342
0.354738
0.363436
0.368912
0.370988
0.374606
0.380878
0.367280
0.362754
0.358350
0.361584
0.389990
0.407338
0.424898
0.392762
0.407038
0.398404
0.404110
0.411672
0.416484
0.381676
0.373688
0.366878
0.385270
0.375896
0.397018
0.436838
0.396048
0.362634
0.386154
0.402058
0.403368
0.394334
0.389876
0.387362
0.387000
0.398348
0.371770
0.367894
0.327902
0.357808
0.383736
0.355610
0.365492
0.338546
0.372332
0.375600
0.397286
0.416786
0.430062
0.452152
0.417812
0.372606
0.381274
0.359392
0.366310
0.371354
0.388228
0.414006
0.389496
0.366778
0.366240
0.364204
0.360400
0.359190
0.357366
0.352132
0.356708
0.382416
0.387866
0.455660
0.435066
0.394840
0.392834
0.393242
0.385344
0.404054
0.419610
0.399908
0.397172
0.423636
0.418278
0.415480
0.412454
0.411176
0.401414
0.399460
0.383404
0.380052
0.391558
0.390140
0.395246
0.395576
0.388002
0.381976
0.382752
0.367504
0.369596
0.375728
0.324784
0.365598
0.370758
0.382144
0.384044
0.364940
0.370996
0.380632
0.387444
0.388706
0.400746
0.442098
0.431906
0.439450
0.407382
0.430660
0.379168
0.451392
0.480872
0.557984
0.521818
0.444612
0.393762
0.383244
0.417093
0.000000
0.000000
0.000000
0.000000
0.000000
0.172020
0.362380
0.358812
0.356070
0.364526
0.360186
0.358852
0.396874
0.380672
0.426012
0.402702
0.390302
0.423556
0.330590
0.413682
0.348168
0.305642
0.431020
0.355164
0.417150
0.400570
0.381236
0.395454
0.388430
0.386264
0.388182
0.390596
0.380752
0.369044
0.383808
0.396480
0.396310
0.379712
0.392042
0.385162
0.360256
0.388730
0.388420
0.392472
0.394248
0.400268
0.391022
0.381128
0.402340
0.394410
0.407098
0.393794
0.382788
0.217346
0.000000
0.000000
0.000000
0.000000
0.000000
0.000000
0.000000
0.000000
0.000000
0.000000
0.000000
0.000000
0.000000
0.000000
0.000000
0.000000
0.000000
0.000000
0.000000
0.000000
0.000000
0.000000
0.000000
0.000000
0.000000
0.000000
0.000000
0.000000
0.000000
0.000000
0.000000
0.000000
0.000000
0.000000
0.000000
0.000000
0.000000
0.000000
0.000000
0.000000
0.000000
0.000000
0.000000
0.000000
0.000000
0.000000
0.000000
0.000000
0.000000
0.000000
0.000000
0.000000
0.000000
0.000000
0.000000
0.000000
0.000000
0.000000
0.000000
0.132334
0.000000
