0.0670420
0.4087720
0.9268760
0.8358640
0.9638820
0.7696020
0.9841680
0.9688700
0.9655180
0.9770160
0.9740120
0.9751220
0.9526540
0.9562280
0.9670640
0.9552260
0.9497440
0.9419940
0.9549200
0.9237620
0.9271160
0.9683580
0.9357600
0.9537200
0.9576700
0.6954180
0.4094600
0.9556360
0.9593280
0.9716380
0.9593240
0.9394460
0.9320660
0.5798320
0.9531760
0.9768040
0.9844420
0.9800360
0.9684960
0.9530160
0.9771440
0.9475580
0.9137380
0.9341000
0.9573600
0.9739180
0.9509920
0.9169540
0.9609540
0.9492460
0.8439480
0.9507760
0.9439960
0.9197240
0.9257120
0.9389560
0.9252100
0.9202860
0.9507800
0.9782120
0.9582660
0.9692400
0.9377380
0.9633680
0.9326140
0.9268600
0.9559580
0.9676140
0.9655600
0.9558880
0.9346240
0.9527560
0.9401320
0.9820000
0.9638880
0.9412500
0.9756660
0.9460520
0.9395480
0.9079840
0.9374640
0.9524520
0.9589640
0.9722600
0.9565340
0.9545500
0.9462120
0.9685540
0.9671200
0.9428000
0.9155080
0.9314960
0.9378840
0.8895980
0.8923660
0.9823540
0.9275040
0.9850480
0.9391820
0.9175980
0.9742120
0.9436140
0.9437740
0.9595240
0.9352320
0.9415220
0.9668000
0.9712960
0.9557300
0.9529980
0.9592940
0.9746620
0.9633540
0.9775260
0.9817260
0.9744800
0.9386080
0.9670980
0.9599720
0.9470560
0.9485120
0.9564680
0.9827740
0.9480480
0.9485900
0.9520960
0.9588040
0.9734520
0.9508940
0.9746380
0.9494420
0.9369280
0.9496140
0.9654120
0.9437920
0.9725020
0.9660360
0.9401540
0.9550120
0.9491240
0.9677660
0.9589960
0.9633280
0.9627460
0.9799800
0.9656720
0.9659660
0.9888200
0.9541720
0.9541180
0.9409760
0.9356640
0.9720920
0.9653820
0.9619880
0.9500480
0.9469080
0.9682980
0.9724400
0.9507820
0.9564820
0.9554540
0.9822560
0.9756600
0.9606440
0.9824900
0.7057460
0.9759020
0.9599600
0.9796260
0.9661540
0.8971260
0.9499220
0.9281500
0.9808760
0.9817380
0.9755740
0.9653020
0.9270360
0.9551200
0.9535100
0.9697420
0.9064240
0.9626100
0.9360620
0.9313340
0.9512680
0.9389780
0.9620180
0.9606020
0.9576320
0.9848660
0.9449680
0.9506420
0.9608320
0.9820120
0.9767340
0.9649380
0.9549080
0.9575660
0.9650140
0.9477080
0.9753200
0.9758060
0.9586040
0.9508420
0.9563300
0.6715180
0.9633140
0.9352740
0.9724880
0.9567040
0.9679840
0.9777800
0.9861140
0.9673660
0.5905820
0.9531540
0.9508140
0.9333400
0.9802480
0.9731020
0.9517300
0.9756420
0.9366740
0.9314300
0.9273700
0.9425260
0.9596040
0.9534740
0.9669720
0.9621280
0.9687520
0.9357140
0.9461420
0.9699920
0.9630040
0.9251480
0.9499600
0.9342240
0.2371480
0.2338620
0.3625880
0.2708740
0.0843780
0.0008240
0.0000000
0.0000000
0.0000000
0.0380980
0.4050400
0.0000000
0.0000000
0.0000000
0.0000000
0.0000000
0.0000000
0.0000000
0.0000000
0.0000000
0.0000000
0.0000000
0.0000000
0.0000000
0.0000000
0.0000000
0.0000000
0.0000000
0.0000000
0.0000000
0.0000000
0.0000000
0.0000000
0.0000000
0.0000000
0.0000000
0.0000000
0.0000000
0.0000000
0.0000000
0.0000000
0.0000000
0.0000000
0.0000000
0.0000000
0.0000000
0.1061360
0.4853060
0.0647860
0.1216140
0.1272340
0.6086360
0.3614040
0.3025920
0.7657680
0.9432740
0.5058680
0.1384560
0.1939740
0.2351160
0.9365140
0.9204580
0.9280280
0.9496140
0.9337740
0.9414140
0.9478260
0.9367380
0.9186440
0.9572340
0.9287620
0.8822520
0.9286700
0.9632900
0.9509820
0.9697900
0.9262160
0.9587220
0.9473440
0.9250340
0.9732980
0.9464540
0.9335940
0.7455900
0.9775920
0.9222580
0.9736720
0.9593600
0.9528340
0.9702580
0.9699260
0.9612400
0.9296120
0.9433180
0.9824920
0.9637740
0.9559800
0.9556360
0.9573440
0.9604140
0.9465560
0.9566760
0.9555140
0.9513120
0.9455860
0.9693340
0.9366200
0.9387240
0.9295940
0.9032880
0.9678360
0.9827700
0.9276220
0.9771360
0.9856080
0.9339520
0.9566500
0.9547920
0.9400200
0.9382760
0.9588440
0.9406700
0.9544340
0.9804100
0.9660220
0.9682100
0.9602020
0.9537000
0.9623780
0.9639460
0.9411540
0.9508480
0.9593860
0.9589860
0.9645460
0.9471260
0.9817240
0.9653640
0.9634620
0.9650720
0.9826060
0.9803660
0.9691520
0.9756440
0.9797800
0.9446260
0.9756380
0.9597160
0.9585680
0.9769180
0.9741660
0.9733840
0.9530460
0.9048560
0.9557780
0.9439920
0.9664400
0.9858520
0.9793920
0.9528200
0.9515780
0.9558000
0.9680620
0.9667940
0.9360420
0.9240240
0.9638600
0.9458940
0.9629380
0.9763160
0.9648260
0.9526000
0.6004360
0.9636980
0.9703020
0.8649820
0.9900720
0.9721760
0.9664640
0.9800920
0.9538580
0.9611800
0.9331700
0.9457720
0.9464000
0.9505440
0.9446520
0.9683900
0.9840080
0.9630180
0.9790960
0.9644060
0.9714360
0.9810380
0.9808480
0.9663820
0.9695480
0.9669040
0.9821600
0.9202620
0.9544020
0.9672320
0.9689620
0.9857460
0.9550120
0.9011280
0.9354960
0.8483340
0.7837500
0.9699320
0.9262400
0.9528920
0.9406740
0.9661340
0.9560020
0.9369520
0.9589540
0.7808620
0.9699920
0.9645180
0.9770000
0.9704760
0.9663160
0.9577480
0.9513500
0.9759780
0.9731300
0.9705700
0.9618200
0.9328920
0.9386860
0.9544200
0.9492360
0.9625400
0.9452240
0.9697780
0.9648640
0.9764100
0.9781100
0.9597760
0.9729620
0.9561020
0.9728960
0.9678920
0.8814920
0.9409220
0.7258420
0.9689220
0.9737160
0.9377660
0.9528420
0.9554720
0.9509620
0.9307940
0.9230780
0.9286060
0.9077580
0.7467740
0.5578852
0.9393200
0.9660260
0.9397880
0.9553900
0.9650700
0.9788000
0.9547180
0.9542820
0.9689720
0.9609360
0.9702160
0.9589020
0.9806300
0.9878940
0.9815460
0.9822280
0.9741400
0.9755440
0.9598060
0.9514160
0.9668940
0.9545560
0.9547840
0.9625640
0.9803160
0.9643360
0.9708500
0.9483280
0.9645520
0.9544520
0.9697120
0.9662060
0.9703940
0.9658220
0.9745580
0.9645660
0.9645180
0.9700060
0.9520380
0.9781780
0.9685160
0.9654860
0.9636360
0.9757760
0.9713800
0.9718040
0.9673260
0.9493300
0.9415440
0.9544040
0.9532500
0.9370680
0.9553820
0.9683340
0.9475940
0.9539640
0.9658380
0.9629380
0.9782080
0.9747540
0.9672080
0.9507600
0.9708860
0.9402840
0.9326760
0.9510880
0.9484200
0.9593500
0.9727020
0.9406260
0.9541240
0.9597500
0.9495760
0.9647300
0.9626880
0.9593360
0.9443500
0.9500280
0.9623320
0.9597220
0.9596940
0.9785960
0.9718700
0.9624320
0.9647520
0.9415020
0.9640920
0.9510600
0.9554480
0.9681380
0.9592320
0.9808140
0.9770100
0.9740960
0.9492080
0.9557720
0.9637660
0.9505160
0.9436880
0.9774980
0.9881440
0.9896360
0.9675600
0.9600780
0.9708960
0.9727420
0.9643320
0.9585380
0.9679840
0.9813380
0.9510200
0.9342620
0.9581180
0.9459760
0.9431160
0.9643380
0.9452360
0.9859920
0.9648880
0.9763100
0.9387700
0.9637400
0.9523280
0.9386880
0.9594060
0.9313120
0.9517680
0.9527100
0.9666500
0.9669160
0.9529420
0.9584760
0.9354940
0.9548500
0.9627800
0.9677640
0.9582140
0.9579180
0.9705020
0.9622020
0.9354560
0.9638800
0.9238800
0.9831480
0.9409160
0.9676000
0.9435900
0.8855260
0.9607140
0.9569380
0.9659000
0.9751260
0.9500140
0.9311340
0.9604280
0.9243520
0.9726660
0.9671040
0.9471000
0.9809460
0.9756620
0.9766440
0.9721340
0.9629380
0.9833620
0.9756320
0.9553400
0.9606100
0.9533380
0.9545760
0.9431020
0.9552260
0.9711920
0.6902260
0.3210240
0.2443380
0.9586160
0.9387840
0.2925200
0.3792380
0.3985560
0.0000000
0.0598200
0.3776080
0.1603660
0.0884400
0.1041400
0.0905475
0.1569360
0.5719620
0.9503680
0.5691420
0.7922060
0.9415860
0.5068960
0.6273060
0.9615580
0.9760940
0.9228920
0.9648840
0.9367460
0.9659280
0.9501640
0.9575060
0.9780440
0.9577620
0.9780140
0.9778440
0.9822000
0.9810800
0.9567380
0.9771180
0.9078000
0.8428120
0.9686080
0.8708580
0.9373600
0.8585700
0.9591280
0.6657680
0.3162260
0.5355160
0.7829880
0.5531740
0.8749920
0.8753460
0.9579420
0.6436540
0.9472820
0.9738940
0.9636100
0.9672420
0.9499800
0.9742340
0.9537620
0.9067160
0.9547640
0.9698740
0.9606520
0.9667080
0.9514880
0.9860780
0.9765540
0.9505180
0.9409840
0.9787720
0.9757360
0.9620200
0.9584780
0.9657320
0.9678020
0.9688260
0.9605940
0.9745100
0.9659960
0.9594880
0.9527840
0.9553420
0.9618120
0.9512340
0.7442460
0.4450520
0.7595800
0.7842460
0.6787780
0.9724860
0.9710600
0.9586600
0.9532060
0.9445220
0.9334300
0.9411100
0.9675540
0.9702100
0.9393080
0.9648100
0.9737360
0.9694780
0.9738600
0.9703980
0.9785120
0.9824880
0.9746140
0.9808380
0.9850040
0.9504440
0.9770420
0.9599520
0.9743180
0.9764400
0.9885700
0.9778880
0.9785820
0.9656360
0.9726080
0.9632520
0.9313240
0.9609520
0.9806780
0.9306340
0.9554620
0.9792440
0.9696520
0.9027360
0.9563160
0.9830860
0.9477660
0.9440920
0.9682960
0.9768720
0.9697280
0.9626160
0.9502300
0.9662940
0.9467500
0.9484260
0.9422660
0.9443860
0.9602400
0.9583080
0.9587720
0.9374640
0.9595980
0.9479160
0.9830760
0.9755060
0.9752000
0.9799260
0.9675380
0.9784820
0.9735520
0.9528300
0.9720480
0.9535960
0.9369580
0.9416500
0.9743360
0.9672660
0.9524960
0.9337480
0.9672880
0.9538160
0.9515480
0.9494300
0.9382860
0.9632660
0.9713160
0.9555980
0.9613440
0.9618100
0.9674980
0.9191120
0.9671500
0.9768840
0.9682840
0.9625560
0.9450100
0.9676240
0.9235740
0.9712140
0.9773840
0.9553060
0.9795380
0.9681540
0.9527880
0.9469960
0.9628020
0.9402600
0.9609380
0.9861000
0.9691340
0.9364660
0.9509480
0.9707440
0.9745980
0.9634900
0.9661860
0.9710640
0.9676380
0.9629340
0.9587760
0.9542440
0.9709020
0.9617460
0.9662800
0.9703260
0.9533660
0.9534340
0.9678680
0.9515840
0.9274560
0.9589020
0.9626900
0.9522720
0.9486140
0.9084340
0.9748180
0.9642800
0.9648520
0.9707200
0.9740820
0.9566380
0.9214680
0.9479440
0.9476480
0.9280920
0.9404280
0.9557820
0.9737580
0.9708780
0.9616420
0.9812540
0.9458080
0.9542480
0.9544500
0.9495100
0.9516900
0.9122780
0.9278640
0.9708200
0.9630560
0.9674600
0.9592140
0.9629560
0.9827340
0.9605740
0.9753240
0.9541660
0.9703320
0.9550840
0.9459460
0.9784000
0.9517840
0.9713320
0.9782820
0.9839520
0.9496460
0.9486620
0.9590860
0.9712620
0.9661300
0.9812540
0.9773160
0.9853320
0.9578640
0.9563800
0.9550880
0.9633540
0.9686520
0.9565320
0.9713620
0.9653080
0.9762720
0.9776940
0.9568860
0.9528440
0.9405600
0.9366480
0.9757460
0.9750660
0.9402040
0.9519040
0.9617880
0.9049640
0.9362860
0.9575400
0.9580760
0.9448020
0.9639800
0.9461580
0.9741640
0.9733660
0.9670200
0.9713520
0.9807820
0.9597460
0.9617220
0.9741880
0.9807500
0.9750140
0.9769280
0.9361920
0.9514260
0.9420760
0.7042984
0.9535620
0.9314180
0.9676000
0.9566240
0.9691940
0.9688280
0.9755620
0.9366280
0.9376580
0.9660160
0.9575640
0.9552880
0.9432020
0.9551660
0.9876120
0.9763640
0.9588080
0.9557060
0.9734260
0.9369100
0.9446760
0.9793540
0.9543360
0.9450640
0.9675380
0.9487980
0.9712740
0.9603680
0.9665820
0.9738820
0.9219420
0.9573360
0.9759860
0.9525460
0.9733180
0.9531000
0.9720640
0.9454520
0.9538480
0.9274820
0.9528020
0.9681780
0.9524220
0.9660920
0.9487740
0.9476580
0.9496740
0.9585940
0.9452520
0.9817420
0.9756320
0.9745520
0.9257820
0.9318620
0.9651060
0.9527740
0.9464280
0.9702260
0.9668780
0.9691160
0.9569660
0.9873060
0.9888360
0.9726520
0.9473060
0.9395360
0.9449420
0.9528220
0.9487620
0.9644800
0.9566240
0.9676760
0.9492160
0.9639320
0.9588220
0.9655220
0.9409500
0.9652360
0.9545620
0.9233060
0.9386020
0.9533780
0.9612300
0.9249680
0.9580100
0.9628540
0.9621400
0.9321360
0.9709120
0.9481000
0.9680480
0.9744720
0.9578860
0.9480280
0.9388340
0.9372320
0.9287400
0.9292600
0.9173140
0.9424780
0.9561720
0.9336740
0.9106260
0.9379460
0.9741360
0.9600700
0.9360780
0.9734200
0.9542400
0.9693000
0.9503460
0.9793000
0.9775400
0.9404400
0.9386380
0.9342320
0.9544620
0.9105860
0.9542420
0.9821180
0.9824200
0.9617800
0.9427820
0.9771220
0.9857060
0.9768820
0.9441980
0.9533800
0.9821760
0.9770280
0.9647120
0.9629640
0.9732120
0.9595200
0.9473360
0.9755200
0.9694260
0.9647340
0.9549440
0.9743720
0.9561440
0.9661160
0.9788740
0.9796100
0.9820480
0.9551700
0.9566280
0.9755580
0.9666660
0.9556360
0.8909300
0.8601100
0.9630400
0.9777700
0.9752340
0.9666620
0.9750660
0.9551720
0.9687060
0.9772060
0.9757580
0.9549200
0.9686080
0.9656440
0.9485920
0.9716220
0.9769420
0.9753580
0.9705420
0.9681080
0.9652820
0.9755240
0.9622780
0.9795440
0.9621080
0.9583020
0.9699700
0.9449060
0.9540880
0.9360760
0.8935080
0.5663125
0.3313860
0.2355860
0.0423560
0.0390280
0.0534200
0.3448660
0.9635200
0.9527180
0.9651320
0.9491540
0.9785060
0.9654060
0.9629660
0.9611820
0.9583240
0.9444580
0.9385660
0.9599120
0.9683860
0.9463840
0.9615460
0.9163480
0.9559380
0.9760920
0.9540940
0.9661560
0.9781260
0.9795160
0.9730620
0.9737220
0.9698560
0.9657760
0.9452740
0.9646800
0.9596720
0.9635420
0.9421980
0.9285380
0.9655200
0.9625660
0.9594760
0.9545300
0.9532200
0.9488960
0.9533500
0.9474780
0.9638540
0.9821420
0.9689700
0.9666820
0.9605080
0.9604340
0.9721940
0.9807380
0.9732040
0.9758840
0.9207260
0.9662040
0.9542780
0.9392440
0.9021060
0.9477500
0.9372740
0.9490860
0.9825760
0.9729500
0.9612740
0.9650540
0.9714660
0.8634000
0.9203140
0.9628720
0.9869260
0.9711620
0.9827380
0.9519600
0.9227720
0.9626780
0.8496760
0.9545520
0.9433300
0.9679760
0.9349740
0.9360740
0.9384060
0.9399420
0.9666720
0.9765660
0.9474120
0.9379840
0.9338440
0.9298040
0.9228040
0.9251100
0.9565100
0.9344960
0.9472520
0.9517380
0.9868920
0.9612400
0.9545400
0.9464700
0.9350040
0.9533380
0.9685480
0.9682680
0.9761540
0.9788880
0.9692480
0.9659160
0.9465760
0.9719240
0.9590280
0.9773180
0.9650340
0.9474300
0.9689160
0.9633120
0.9762140
0.9542320
0.9672560
0.9569900
0.9720660
0.9762040
0.9348840
0.9405860
0.9527260
0.9566260
0.9501060
0.9258860
0.9539880
0.9713640
0.9656200
0.9565840
0.9330440
0.9411320
0.9419380
0.9426980
0.9602160
0.9773840
0.9454500
0.9747760
0.9671240
0.9667420
0.9522460
0.9622160
0.9595140
0.9701120
0.9743180
0.9545240
0.9498180
0.9617320
0.9634440
0.9698280
0.9651160
0.9651280
0.9848580
0.9471200
0.9529820
0.9352020
0.9637380
0.9528900
0.9705220
0.9554560
0.9783300
0.9736580
0.9767820
0.9568060
0.9658320
0.9623580
0.9623860
0.9501700
0.9442940
0.9614160
0.9780320
0.9649020
0.9264140
0.9557840
0.9669820
0.9448360
0.9587040
0.9552000
0.9740860
0.9627380
0.9419960
0.9402780
0.9464160
0.9605940
0.9489540
0.9278520
0.9624880
0.9455900
0.9605300
0.9407580
0.9747500
0.9686560
0.9599840
0.9761200
0.9689360
0.9814160
0.9651580
0.9586280
0.9708440
0.9672480
0.9513860
0.9687540
0.9756380
0.9570040
0.9527440
0.8174640
0.8668400
0.9236460
0.9623360
0.8769960
0.5688279
0.8854700
0.9443160
0.9376400
0.9573360
0.9535700
0.9451600
0.9644080
0.8851220
0.8665440
0.9688620
0.9333160
0.9493120
0.9798460
0.9539300
0.9716720
0.9778640
0.9732960
0.8897840
0.5223740
0.8744920
0.9803820
0.9618820
0.9280340
0.9536340
0.9512680
0.9608520
0.9693780
0.9676040
0.9474140
0.9567960
0.9614700
0.9575280
0.9648240
0.9570400
0.9707820
0.9553260
0.9571100
0.9721760
0.9584620
0.9621560
0.9813940
0.9605640
0.9464640
0.9740720
0.9491440
0.9683640
0.9852480
0.9597020
0.9765140
0.9636760
0.9701660
0.9602380
0.9645200
0.9397000
0.9533520
0.9841660
0.9777780
0.9819200
0.9828320
0.9732060
0.9801780
0.9825800
0.9804120
0.9574980
0.9758900
0.9698280
0.9823440
0.9766300
0.9824580
0.9799120
0.9797440
0.9708100
0.9772420
0.9665100
0.9620340
0.9524700
0.9569380
0.9607160
0.9474460
0.9298720
0.9441200
0.9401760
0.9521100
0.9766820
0.9586540
0.9724360
0.9642900
0.9476780
0.9634500
0.9642620
0.9749480
0.9594360
0.9634380
0.9581500
0.9676860
0.9695540
0.9423300
0.9392080
0.3724720
0.2112340
0.0510240
0.0532040
0.0679500
0.3837680
0.9204940
0.9236360
0.9088640
0.9356820
0.9528060
0.9635080
0.9487080
0.9422820
0.9498340
0.9384960
0.9652000
0.9156580
0.9533500
0.8847620
0.9436940
0.9636280
0.9629960
0.9552780
0.9631680
0.9425580
0.9736360
0.9554080
0.9455700
0.9627980
0.9733200
0.9487460
0.9486500
0.9588140
0.9621540
0.9661940
0.9368080
0.9613160
0.9487400
0.9274980
0.8940860
0.9582860
0.9322840
0.9523000
0.9196760
0.9617420
0.9521900
0.9270660
0.9656080
0.9609600
0.9710560
0.9617360
0.8986780
0.9432080
0.9627520
0.9702400
0.9631220
0.9446220
0.9262340
0.9640840
0.9655020
0.9389860
0.9761340
0.9567020
0.9548460
0.9677060
0.9234820
0.9567380
0.9365800
0.9665720
0.9517460
0.9560980
0.9626060
0.9525000
0.9319240
0.9371340
0.9507280
0.9325280
0.9600020
0.9504840
0.9652800
0.9721620
0.9457360
0.9622640
0.9361040
0.9435240
0.9585940
0.9704640
0.9794040
0.9346400
0.9317840
0.9577760
0.9590460
0.9568000
0.9679860
0.9630360
0.9578640
0.9276920
0.9450360
0.9456640
0.9354200
0.9669780
0.9590180
0.9689460
0.9694100
0.9596820
0.9419460
0.9299680
0.9501760
0.9242240
0.9564540
0.9496100
0.9471260
0.9566280
0.9506900
0.9283020
0.9628460
0.9669400
0.9675780
0.9570020
0.9675240
0.9387660
0.9340080
0.9549920
0.9239300
0.9571840
0.9455540
0.9422240
0.9629480
0.9711140
0.9684360
0.9794300
0.9689160
0.9692880
0.9649200
0.9744980
0.9717420
0.9483900
0.8952980
0.8235020
0.8376560
0.9580520
0.9632460
0.9514740
0.9740080
0.9669380
0.9429200
0.9491880
0.9509880
0.9593560
0.9453040
0.9750760
0.9806720
0.9665740
0.9681020
0.9529660
0.9421700
0.9208360
0.9387300
0.9505980
0.9535020
0.9507960
0.9651680
0.9774780
0.9562780
0.7827400
0.9667400
0.9646000
0.9786300
0.9718760
0.9683040
0.9605040
0.9491260
0.9796800
0.9736420
0.9893240
0.9791940
0.9604900
0.9761760
0.9436560
0.9383660
0.9665060
0.9587940
0.9443680
0.9564720
0.9497300
0.9686340
0.9503620
0.9507400
0.8528100
0.8921120
0.9458940
0.9356220
0.9544540
0.9667500
0.9379020
0.9510760
0.9615220
0.9625080
0.9647040
0.9571580
0.9429200
0.9737180
0.9561960
0.9445540
0.9660280
0.9830800
0.9605880
0.9668540
0.9688060
0.9700540
0.9742220
0.9674460
0.9759020
0.9583440
0.9809180
0.9634540
0.9617560
0.9358340
0.9449280
0.9658940
0.9389040
0.9534880
0.9557720
0.9725640
0.9630040
0.9795540
0.9749740
0.9524980
0.9583700
0.9381320
0.9168180
0.9258980
0.9727020
0.9572900
0.9355600
0.9445380
0.9624540
0.9634460
0.9681900
0.9557640
0.9432280
0.9256620
0.9561200
0.9806180
0.9733240
0.9713640
0.9786000
0.9742380
0.9523420
0.9762640
0.9683740
0.9629100
0.9710680
0.9691920
0.9719560
0.9756240
0.9585700
0.9679220
0.9669960
0.9744740
0.9623020
0.9758920
0.9768780
0.9628180
0.9674820
0.9661940
0.9554720
0.9534600
0.9522680
0.9685080
0.9512600
0.9565900
0.9748960
0.9317080
0.9484240
0.9671220
0.9466000
0.9345500
0.9563440
0.9343040
0.8547340
0.2520100
0.8798840
0.8228620
0.9595960
0.9296100
0.9780180
0.9875280
0.9677080
0.9829340
0.9798900
0.9614240
0.9801840
0.9822180
0.9843860
0.9699640
0.9183900
0.9756760
0.9551740
0.9666940
0.9691640
0.9693020
0.9578520
0.9729460
0.9805740
0.9817920
0.9660680
0.9776980
0.9723060
0.9724040
0.9788100
0.9636360
0.9521220
0.9642440
0.9626740
0.9387700
0.9539260
0.8050280
0.9611940
0.9773200
0.9635340
0.9743800
0.9703900
0.7972960
0.8202380
0.8866780
0.9037300
0.9780200
0.9831200
0.9739580
0.9705080
0.9776300
0.9404180
0.9743480
0.9663340
0.9830420
0.9743680
0.9719240
0.9730260
0.9416400
0.9547080
0.9738320
0.9570720
0.9660080
0.9819380
0.9504460
0.9463840
0.9406320
0.9443200
0.9667340
0.6761600
0.9620680
0.9409540
0.9623760
0.9605640
0.9677900
0.9163640
0.9545140
0.9696440
0.9683880
0.9594820
0.9611320
0.9689240
0.9368000
0.9466620
0.9524940
0.9471980
0.9384420
0.9184880
0.9252020
0.9605220
0.9504300
0.9518960
0.9167820
0.8303880
0.1615660
0.1182320
0.0000000
0.0000000
0.0000000
0.0000000
0.0358400
0.2777040
0.8989500
0.9720720
0.9438360
0.9516140
0.9561120
0.9533760
0.9500200
0.9532480
0.9626760
0.9506140
0.9467160
0.9362220
0.9701400
0.9620340
0.9606820
0.9413060
0.9366960
0.9733220
0.9667500
0.9625460
0.9405560
0.9394680
0.9763820
0.9511300
0.9390900
0.9412320
0.9372700
0.9519620
0.9417360
0.9605680
0.9534580
0.9427780
0.9570900
0.9760200
0.9348820
0.9431340
0.9690020
0.9443840
0.4601980
0.0404220
0.0387660
0.0770540
0.7784340
0.9763500
0.9659960
0.9611700
0.9746380
0.9766220
0.9619080
0.9334840
0.9347480
0.9324080
0.9561640
0.9540060
0.9430400
0.9649680
0.9356000
0.9250500
0.9432040
0.9542540
0.9312680
0.9463720
0.9512860
0.9451960
0.9530500
0.9499080
0.9512860
0.9671520
0.9730200
0.9800820
0.9511420
0.9548980
0.9514860
0.9561200
0.9707660
0.9531220
0.9655040
0.9656180
0.9702200
0.9436680
0.9572860
0.9508960
0.9656960
0.9557520
0.9789760
0.9471900
0.9571840
0.9603140
0.9746980
0.9649440
0.9714120
0.9669140
0.9579080
0.9659760
0.9305260
0.9338240
0.9554080
0.9630960
0.8243880
0.9022440
0.8740000
0.9378760
0.9576020
0.9324160
0.9514560
0.9706720
0.9763880
0.9609360
0.9530660
0.9667380
0.9727720
0.9811120
0.9426660
0.9674920
0.9882400
0.9838940
0.9635060
0.9472140
0.9439560
0.9730080
0.9577500
0.9477220
0.9476820
0.9589680
0.9566260
0.9740240
0.9590640
0.9494960
0.9626600
0.9435720
0.9629980
0.9530200
0.9766700
0.9703160
0.9586560
0.9679120
0.9588060
0.9508680
0.9391800
0.9554900
0.9529180
0.9571120
0.9569440
0.9505860
0.9383360
0.9581380
0.9737200
0.9719000
0.9638780
0.9780460
0.9566540
0.9503420
0.9425300
0.9252360
0.9574300
0.9621280
0.9724780
0.9474720
0.9654140
0.9591900
0.9372140
0.9128340
0.9469480
0.9471020
0.9514760
0.9339420
0.9729880
0.9581140
0.9320460
0.9626820
0.9854500
0.9787720
0.9552020
0.9531860
0.9565880
0.9340100
0.9324160
0.9435100
0.9396320
0.9756280
0.9361040
0.9419240
0.9662140
0.9468240
0.9606520
0.9739120
0.9791880
0.9686060
0.9393640
0.9450500
0.9535380
0.9537340
0.9654480
0.9594040
0.9640680
0.9405860
0.9527460
0.9674400
0.9592040
0.9760680
0.9594040
0.9643760
0.9674280
0.9443560
0.9256120
0.9315980
0.9510620
0.9690940
0.9603860
0.9413400
0.9630300
0.9610920
0.9584840
0.9510900
0.9517020
0.9536580
0.9799180
0.9747560
0.9710500
0.9582020
0.9526360
0.9491780
0.9665940
0.9697740
0.9441240
0.9460220
0.9583940
0.9770960
0.9698180
0.9733920
0.9712420
0.9646080
0.9712200
0.9627980
0.9839280
0.9649100
0.9530200
0.9832520
0.9711960
0.9642340
0.9819180
0.9356120
0.9649400
0.9540680
0.9693400
0.9485800
0.9696080
0.9675700
0.9614780
0.9686360
0.9588860
0.5948900
0.9535200
0.9409380
0.7549000
0.7070940
0.9525420
0.9493400
0.9018240
0.9502800
0.9326920
0.9008260
0.0232436
0.6959620
0.9607000
0.9622220
0.9753420
0.9529020
0.9686060
0.9468660
0.9711440
0.9507000
0.9650400
0.9753800
0.9577060
0.9306580
0.9713180
0.9522820
0.9666820
0.9636340
0.9612360
0.9708100
0.9439420
0.9672380
0.9412100
0.9622180
0.9711820
0.9770720
0.9639820
0.9714160
0.9670280
0.9638780
0.9736080
0.9516260
0.9709480
0.9566760
0.9665900
0.9532740
0.9505680
0.9492920
0.9683940
0.9477520
0.9446280
0.9654800
0.9620180
0.9624080
0.9428040
0.9566440
0.9766580
0.9548840
0.9545380
0.9560020
0.9496820
0.9665300
0.9823320
0.9697000
0.5307580
0.9552040
0.9566600
0.9645740
0.9435320
0.9442960
0.9567420
0.9448960
0.9421600
0.9379340
0.8998960
0.8651680
0.9615500
0.9493440
0.9629560
0.9487000
0.9494540
0.9495280
0.9384960
0.9642720
0.9597420
0.9470080
0.9718880
0.9667000
0.9682480
0.9677760
0.9646320
0.9852980
0.9856880
0.9700160
0.9520120
0.9481140
0.9301520
0.9500420
0.9666780
0.9661440
0.9275980
0.9519380
0.9681700
0.9604300
0.9757340
0.9576920
0.9757560
0.9608060
0.9650180
0.9543900
0.9619540
0.9686260
0.9654020
0.9416940
0.9503720
0.9570120
0.9358720
0.9513700
0.9732040
0.9723460
0.9532720
0.9549100
0.9645080
0.9711560
0.9526600
0.8575960
0.6241840
0.7036640
0.0527800
0.0540040
0.0661533
0.1054640
0.7186320
0.8003020
0.7577300
0.9691780
0.9539080
0.9568580
0.9399560
0.9480360
0.9464200
0.9809600
0.9328760
0.9693320
0.9589740
0.9588380
0.9707060
0.9614840
0.9641160
0.9770240
0.9424440
0.9631660
0.9339600
0.9356840
0.9748060
0.9546320
0.9541780
0.9436420
0.9214300
0.9097040
0.9314180
0.9511720
0.9597240
0.9368600
0.9558120
0.9390680
0.9269200
0.9432100
0.9403480
0.9552980
0.9516240
0.9629400
0.9365500
0.9280100
0.9414880
0.9468560
0.9245680
0.9678360
0.9329180
0.9476740
0.9420260
0.9546860
0.9272100
0.8900660
0.9340420
0.9238320
0.9389600
0.9749180
0.9299440
0.9481920
0.9678960
0.9572520
0.9730800
0.9756360
0.9745320
0.9762600
0.9760580
0.9645220
0.9757460
0.9594440
0.9726420
0.8529440
0.9497540
0.9622320
0.9679800
0.9761080
0.9613280
0.9686760
0.9575680
0.9591560
0.9497060
0.9346900
0.9673080
0.9456520
0.9754420
0.9562620
0.9651620
0.9681620
0.9476880
0.9662980
0.9408240
0.9470160
0.9618080
0.9681860
0.9583520
0.9282740
0.9682300
0.9365760
0.9558700
0.9402600
0.9319840
0.9504500
0.9629180
0.9357500
0.9675360
0.9697740
0.9511900
0.9502900
0.9598380
0.9782920
0.9616240
0.9077920
0.9711740
0.9599240
0.9519620
0.9296280
0.9584860
0.9575240
0.9601540
0.9710080
0.9710720
0.9740620
0.9320400
0.9360360
0.9512640
0.9740560
0.9611860
0.9563020
0.9685800
0.9782880
0.9518040
0.9549320
0.9532320
0.9695160
0.9495440
0.9632980
0.9550220
0.9749960
0.9752160
0.9379180
0.9780080
0.9669120
0.9578400
0.9569560
0.9315400
0.9726620
0.9739100
0.9510300
0.9608760
0.9628240
0.9645700
0.9682860
0.9613500
0.9528980
0.9737320
0.9637480
0.9818300
0.9623800
0.9562480
0.9471320
0.9602380
0.9686820
0.9763860
0.9736120
0.9591780
0.9358800
0.9747540
0.9763700
0.9654780
0.9671900
0.9712500
0.9680460
0.9524280
0.9705380
0.9652380
0.9774700
0.9674800
0.9602300
0.9562980
0.9726380
0.9443200
0.9479500
0.9656600
0.9451080
0.9547300
0.9558120
0.9671440
0.9649620
0.9704000
0.9643000
0.9593140
0.9577840
0.9802560
0.9682720
0.9433000
0.9830100
0.9610540
0.9564920
0.9457560
0.9638860
0.9463900
0.9574020
0.8835500
0.9736560
0.9688520
0.9703500
0.9768860
0.9624500
0.9823160
0.9774820
0.9404800
0.9675840
0.9642100
0.9764520
0.9641140
0.9232080
0.8431860
0.9744800
0.9574360
0.9623400
0.9590380
0.9591220
0.6275100
0.0000000
0.8688960
0.9470260
0.9443860
0.9550840
0.9418100
0.9495940
0.9695200
0.9664140
0.9554040
0.9106140
0.9095400
0.7947920
0.9293460
0.7486380
0.9472500
0.9671360
0.9637040
0.9713760
0.9570160
0.9650480
0.9641720
0.9480020
0.9798180
0.9821200
0.9625140
0.9607460
0.9604200
0.9590880
0.9569440
0.9667060
0.9819120
0.9612100
0.9590700
0.9756380
0.9632680
0.9735600
0.9747020
0.9775900
0.9537540
0.9444460
0.9727440
0.9511520
0.9697320
0.9705280
0.9746900
0.9308120
0.9346920
0.9297440
0.9569580
0.9673340
0.9568380
0.9619840
0.9515860
0.9635960
0.9509800
0.9596940
0.9803640
0.9823500
0.9755900
0.9183900
0.9454380
0.9664940
0.9723100
0.9550460
0.9371260
0.8405260
0.9553940
0.9601620
0.9546800
0.9112720
0.8586380
0.9335440
0.9595300
0.9679240
0.9539120
0.9650900
0.9558880
0.9789600
0.9648880
0.9148340
0.9431360
0.9696380
0.9855180
0.9869280
0.9839280
0.9593520
0.9559960
0.9244880
0.9316960
0.9368500
0.9524340
0.8855060
0.9729280
0.9767200
0.9762980
0.9549020
0.9784960
0.9308660
0.9767880
0.9558500
0.9768380
0.9610080
0.9471420
0.9346700
0.9709460
0.9802980
0.9619780
0.9847420
0.9165380
0.9637900
0.9599120
0.8677880
0.8612160
0.6281280
0.8074140
0.7550540
0.2429980
0.0365360
0.0350940
0.0358100
0.0560000
0.0456680
0.3251500
0.1126600
0.4001140
0.5665340
0.9400460
0.4471640
0.6690100
0.9359580
0.8911740
0.6267420
0.7257840
0.9105200
0.8938880
0.8408380
0.9542240
0.9603720
0.9540740
0.9561100
0.9854080
0.9659300
0.9644780
0.9639980
0.9547800
0.9142380
0.5267120
0.6041000
0.9305680
0.9167880
0.5064920
0.2998560
0.9245820
0.7705520
0.5099460
0.8981440
0.9633120
0.9700920
0.9626420
0.9711400
0.9647120
0.9833580
0.9510700
0.9707660
0.9791540
0.9733960
0.9607920
0.9728540
0.9316620
0.9622460
0.9739780
0.9703140
0.9768400
0.9295100
0.9618680
0.9618380
0.9369100
0.9681420
0.9726140
0.9474880
0.9569100
0.9195200
0.9536100
0.9225120
0.9392680
0.9456820
0.9670480
0.9511940
0.9620580
0.9740200
0.9578780
0.9638880
0.9687720
0.9494420
0.9625880
0.9327660
0.8511700
0.9507500
0.9530520
0.9382340
0.9255460
0.8783480
0.9149240
0.9345720
0.9479900
0.6865080
0.6979100
0.8761040
0.9539400
0.9245240
0.9393240
0.9379260
0.9670920
0.9479620
0.9448260
0.9634520
0.9611600
0.9632260
0.9549380
0.9708620
0.9399020
0.9542220
0.9613180
0.9422640
0.9612620
0.9763280
0.9380480
0.9354520
0.9460620
0.9714140
0.9730840
0.9706520
0.9715940
0.9600600
0.9606680
0.9715140
0.9783600
0.9669200
0.9815460
0.9601820
0.9623600
0.9773700
0.9725940
0.9612460
0.9759680
0.9564620
0.9547200
0.9541880
0.9575380
0.9692500
0.9635420
0.9684100
0.9708500
0.9712720
0.9513380
0.9664500
0.9801040
0.9011980
0.9162880
0.9480280
0.9438680
0.9447280
0.9595540
0.9608860
0.9645940
0.9919000
0.9655600
0.9633780
0.9700080
0.9683280
0.9668820
0.9672500
0.9563740
0.9658440
0.9515280
0.9493740
0.9716020
0.9453340
0.9493420
0.9341540
0.9726120
0.9242340
0.9174380
0.9705080
0.9376920
0.9781140
0.9652560
0.8317140
0.5171440
0.6385880
0.9625780
0.9505900
0.9503540
0.9645240
0.9470840
0.9768880
0.9524680
0.9501000
0.9429780
0.9380500
0.8142240
0.8060000
0.9475620
0.9701360
0.9601900
0.9128900
0.8800620
0.9537920
0.7749780
0.9247000
0.9707060
0.9725880
0.9766200
0.9718480
0.9501300
0.9448300
0.9494640
0.9460240
0.9523800
0.8995581
0.5417900
0.9462560
0.9136820
0.9409100
0.6073140
0.9851980
0.9539660
0.9863660
0.9824380
0.9810040
0.9708540
0.9829240
0.9485220
0.9243400
0.3785780
0.1359380
0.6171540
0.9700060
0.9587000
0.9532940
0.9858840
0.9714520
0.9715820
0.9738300
0.2495880
0.8081100
0.9660140
0.9781860
0.9710340
0.9677120
0.9786420
0.9632980
0.9707100
0.9543960
0.9807200
0.9745040
0.9762260
0.9708440
0.9769900
0.9717180
0.9765160
0.9753940
0.9833900
0.9679740
0.9588200
0.9826820
0.9464940
0.9695880
0.9686020
0.9646820
0.9632000
0.9525960
0.9654360
0.9743000
0.9638860
0.9682240
0.9661540
0.9526660
0.9596920
0.9763600
0.9283220
0.9560960
0.9581020
0.9575700
0.9744300
0.9796280
0.9567580
0.9472540
0.9604420
0.9685040
0.9763440
0.9621020
0.9353060
0.9773820
0.9763940
0.9620260
0.9430200
0.9609300
0.9553460
0.9614840
0.9529820
0.9610860
0.9548600
0.9637760
0.9525900
0.9282760
0.8909860
0.8647980
0.0374680
0.0352920
0.0385350
0.0425940
0.4911220
0.9690220
0.9005500
0.9183860
0.9436180
0.9521520
0.9574080
0.9640600
0.9619480
0.9601100
0.9597120
0.9574000
0.9635480
0.9766960
0.9620420
0.9402260
0.9359760
0.9491300
0.9740960
0.9494800
0.9474320
0.9421280
0.9542960
0.9575220
0.9744280
0.9589400
0.9612020
0.9635880
0.9440720
0.9634920
0.9619280
0.9583860
0.9603680
0.9729140
0.9487260
0.9653740
0.9581420
0.9552180
0.9571740
0.9488440
0.9666860
0.9537700
0.9384300
0.9457640
0.9705060
0.9501440
0.9534780
0.9527680
0.9339980
0.9536620
0.9467140
0.9580180
0.9538100
0.9626360
0.9493500
0.9584040
0.9516100
0.9439760
0.9607300
0.9336880
0.9774980
0.9658120
0.9649840
0.9703200
0.9656060
0.9730080
0.9660160
0.9647860
0.9514380
0.9375880
0.9698880
0.9584480
0.9596620
0.9659140
0.9821380
0.9508240
0.9590820
0.9426720
0.9404520
0.8680100
0.7285200
0.9643180
0.9710320
0.9078320
0.9608600
0.9512880
0.9557280
0.9209660
0.9619440
0.9575740
0.9649060
0.9505500
0.9410720
0.9564040
0.9835560
0.9543280
0.9476800
0.9576200
0.9525720
0.9470660
0.9483060
0.9744900
0.9608760
0.9299840
0.9551100
0.9321400
0.9313540
0.9337220
0.9440180
0.9622680
0.9513140
0.9479280
0.9609600
0.9534640
0.9673200
0.9592600
0.9526480
0.9654560
0.9689140
0.9707600
0.9556440
0.9783480
0.9674860
0.9697200
0.9305120
0.9667000
0.9715800
0.9686760
0.9583900
0.9764720
0.9690880
0.9721440
0.9708320
0.9693240
0.9864000
0.9581340
0.9433520
0.9455780
0.9817940
0.9748080
0.9683400
0.9627320
0.9708500
0.9684600
0.9750220
0.9679280
0.9557960
0.9224020
0.9474580
0.9500960
0.9590560
0.9514140
0.9705020
0.9543780
0.9686660
0.9603060
0.9724960
0.9568560
0.9680000
0.9502080
0.9771620
0.9467860
0.9451960
0.9571160
0.9679080
0.9644680
0.9227820
0.9703700
0.9607560
0.9818340
0.9761680
0.9385640
0.9541360
0.9690480
0.9879240
0.9766960
0.9575140
0.9711020
0.9797420
0.9679500
0.9448540
0.9712920
0.9656660
0.9687180
0.9425920
0.9686360
0.9708760
0.9819040
0.9795900
0.9426800
0.9687880
0.9724280
0.9870560
0.9843280
0.9474520
0.9560480
0.9422940
0.9483020
0.7955526
0.6977320
0.9614200
0.9494760
0.9421300
0.9749480
0.9727320
0.9655440
0.9695300
0.9662720
0.9363320
0.9349080
0.9564920
0.9157900
0.9415720
0.9744140
0.9701860
0.9587420
0.9812480
0.9726260
0.9689780
0.9650220
0.9517620
0.9766620
0.9557180
0.9659640
0.9727340
0.9617240
0.9712540
0.9827180
0.9546300
0.9446860
0.9155540
0.9724640
0.9685880
0.9453560
0.9458400
0.9701680
0.9532900
0.9376060
0.9430320
0.9622800
0.9576300
0.9428400
0.9552600
0.9489560
0.9477260
0.9697360
0.9710780
0.9533540
0.9522760
0.9560560
0.9733000
0.9626680
0.9608100
0.9585040
0.9708720
0.9474720
0.9613800
0.9623800
0.9807320
0.9673920
0.9530220
0.9450040
0.9572780
0.9344620
0.9394780
0.9371920
0.8943280
0.9277060
0.9303540
0.9459940
0.9635880
0.9447200
0.9553500
0.9652180
0.9653980
0.9689040
0.5806720
0.2628680
0.1449520
0.1061800
0.2882840
0.3051340
0.1993960
0.4701800
0.3987260
0.4090020
0.0570300
0.0590380
0.0724820
0.0771700
0.0029280
0.0000000
0.0000000
0.0000000
0.0000000
0.0000000
0.0000000
0.0000000
0.0000000
0.0000000
0.0000000
0.0000000
0.0000000
0.0000000
0.0000000
0.0000000
0.0000000
0.0000000
0.0000000
0.0000000
0.0000000
0.0000000
0.0000000
0.0000000
0.0000000
0.0000000
0.0000000
0.0000000
0.0000000
0.0000000
0.1245020
0.0572640
0.2795480
0.0413180
0.1396440
0.0830960
0.3946820
0.2883760
0.1546360
0.2544280
0.1248240
0.0884680
0.1695260
0.1213860
0.0973540
0.2838720
0.9757420
0.9226360
0.9576520
0.9530660
0.9095380
0.9675500
0.9677040
0.9388300
0.9665380
0.9807160
0.9785380
0.9551860
0.9729420
0.9522580
0.9606820
0.9572180
0.9542300
0.9476700
0.9619520
0.9411700
0.9696340
0.9447080
0.9689300
0.9650360
0.9390380
0.9558940
0.8876700
0.9656260
0.9560680
0.9560200
0.9035320
0.9579520
0.9765920
0.9535760
0.9076440
0.9227580
0.9689680
0.9546020
0.9256400
0.8991740
0.9633660
0.9686700
0.9793680
0.9420680
0.9608040
0.9611660
0.9632560
0.9277380
0.9241840
0.9575060
0.9729960
0.7900180
0.9460720
0.9668160
0.9632740
0.9545600
0.8313680
0.8957820
0.9570500
0.9566960
0.9697100
0.9800720
0.9595180
0.9539280
0.9224060
0.9598260
0.9685840
0.9413640
0.9717900
0.9544040
0.9589040
0.9583700
0.9624780
0.9494160
0.9222900
0.9548380
0.9578920
0.9631960
0.9625260
0.9726420
0.9565560
0.9732220
0.9668640
0.9300400
0.9627960
0.9496440
0.9467660
0.9621600
0.9539040
0.8701720
0.9829660
0.9714040
0.9673460
0.9686140
0.9568420
0.9867180
0.9610840
0.9792920
0.9809560
0.9758900
0.9772620
0.9629940
0.9686420
0.9512060
0.9635500
0.9521860
0.9665220
0.9637440
0.9252120
0.9700340
0.9547920
0.9682740
0.9568840
0.9294300
0.9621820
0.9752240
0.9524240
0.9724060
0.9533320
0.9278040
0.9189860
0.9547460
0.9440580
0.9592600
0.9477400
0.9387840
0.9651000
0.9602620
0.9649820
0.9354800
0.9750680
0.9487940
0.9671400
0.9755880
0.9660320
0.9736160
0.9571280
0.9465680
0.9194620
0.4381291
0.8440160
0.9513420
0.9335060
0.9691540
0.9797440
0.9795280
0.9702700
0.9795400
0.9859900
0.9457580
0.9164820
0.9679280
0.9394920
0.9417360
0.9565760
0.9665500
0.9743000
0.9790600
0.9753780
0.9583900
0.9716060
0.9575280
0.9816900
0.9442960
0.9302860
0.9555040
0.9382660
0.9677680
0.9813980
0.9508860
0.9487220
0.9531900
0.9604840
0.9780100
0.9658900
0.9560820
0.9604440
0.9483920
0.9590480
0.9631440
0.9525520
0.9434400
0.9519940
0.9580400
0.9444120
0.9597800
0.9650160
0.9420480
0.9597760
0.9608220
0.9455880
0.9497660
0.9573160
0.9475520
0.9315000
0.9604720
0.9655440
0.9636780
0.9654560
0.9580460
0.9633840
0.9413100
0.9289060
0.9564680
0.9436380
0.9048100
0.9781200
0.9606300
0.9774340
0.9580340
0.9465920
0.9613040
0.9541760
0.9490260
0.8855080
0.9249340
0.7776780
0.7245620
0.9393540
0.2799267
0.0962160
0.0690600
0.0714800
0.2434200
0.4893400
0.9156160
0.9650720
0.9378580
0.9417940
0.9561700
0.9607420
0.7965360
0.6627620
0.3559000
0.7019520
0.4688500
0.3628180
0.9800280
0.9768440
0.9718380
0.6318700
0.8794740
0.9702400
0.9738020
0.9510540
0.9598880
0.9761340
0.9437840
0.9629080
0.9691660
0.9726480
0.9598620
0.9650780
0.9559160
0.9791180
0.9640040
0.9561320
0.9583740
0.9668860
0.9449860
0.9774960
0.9729760
0.9774720
0.9784940
0.9741880
0.9557200
0.9541620
0.9660200
0.9473680
0.9734540
0.9644460
0.9670880
0.9791860
0.9516000
0.9690480
0.8942240
0.9537180
0.9302080
0.9422280
0.9714480
0.9699340
0.9566580
0.9813620
0.9875480
0.9445680
0.9373040
0.9440020
0.8837860
0.9456400
0.9589140
0.9537120
0.9662000
0.9691440
0.9571700
0.9689120
0.9726400
0.9504860
0.9778480
0.9910820
0.7760140
0.8117540
0.9409720
0.9624460
0.9491320
0.9782380
0.9678780
0.9736600
0.9616800
0.9538280
0.9361060
0.9645640
0.9508660
0.9707800
0.9574440
0.7300020
0.7340760
0.9754960
0.9695160
0.9791340
0.9605080
0.9363220
0.9734840
0.9678700
0.9040400
0.9486100
0.9331580
0.9607120
0.9560120
0.9657280
0.9372300
0.8899740
0.9652560
0.9580980
0.9629620
0.9601880
0.9365720
0.9680760
0.9398700
0.9233820
0.9497040
0.9272700
0.9417160
0.9707260
0.9607860
0.9396740
0.9433320
0.9351360
0.9589860
0.9768420
0.9667360
0.9792040
0.9327500
0.9702040
0.9759560
0.9610540
0.9791840
0.9704100
0.9578460
0.9497340
0.9350880
0.9466080
0.9727120
0.9684040
0.9577720
0.9424100
0.9688380
0.9766520
0.9744280
0.9759260
0.9685440
0.9543060
0.9486000
0.9828940
0.9672360
0.9579540
0.9818740
0.9742180
0.9694500
0.9386900
0.9583540
0.9577100
0.9686980
0.9513000
0.9707980
0.9534280
0.9336080
0.9564500
0.9860220
0.9844400
0.9691160
0.9566500
0.9644520
0.9602940
0.9629340
0.9638960
0.9717580
0.9763100
0.9866340
0.9880400
0.9764340
0.9737680
0.9649800
0.9813560
0.9554000
0.9603920
0.9668540
0.9547500
0.6127272
0.5943540
0.9358400
0.9376360
0.9545020
0.9733720
0.9805840
0.7550140
0.8920600
0.7637700
0.9653620
0.9310140
0.9510960
0.9436140
0.9490020
0.9590680
0.9217700
0.9526160
0.9516880
0.9430440
0.9343240
0.9419400
0.9724420
0.9794120
0.9772300
0.9684780
0.9801880
0.9677560
0.9221420
0.9518780
0.9044080
0.9806440
0.9919920
0.9762400
0.9383080
0.9375620
0.9906520
0.9345840
0.9348440
0.9653080
0.9696660
0.9781900
0.9509120
0.9750900
0.9592620
0.9608600
0.9524880
0.9291120
0.9750780
0.9526920
0.9675300
0.9439580
0.9512420
0.9567120
0.9667880
0.9517240
0.9628140
0.9364080
0.9743300
0.9548600
0.9637480
0.9581100
0.9792380
0.9608860
0.9520180
0.9684420
0.9248120
0.9532320
0.9637440
0.9650160
0.9602100
0.9731480
0.9552520
0.9714060
0.9518060
0.9594900
0.9761400
0.9696040
0.9696220
0.9505480
0.9289600
0.9734740
0.9546480
0.9813000
0.9632160
0.9524300
0.9392020
0.9436820
0.9578660
0.9753180
0.9785180
0.9694760
0.9702340
0.9595280
0.9356440
0.9415360
0.9283460
0.8937680
0.8286180
0.8461240
0.8226260
0.8543740
0.6009400
0.0462460
0.0471380
0.0523520
0.0713760
0.0750900
0.0734420
0.1127740
0.6509360
0.9186600
0.9096840
0.9604600
0.9439500
0.9594820
0.9450400
0.9289540
0.9531700
0.9447240
0.9548520
0.9564420
0.9202020
0.8746340
0.9643000
0.9228200
0.9294320
0.8835600
0.9142800
0.9513080
0.9688360
0.9381620
0.9476640
0.9438460
0.9367800
0.9328420
0.8475160
0.8892160
0.9486620
0.9750140
0.9724080
0.9617540
0.9780120
0.7739420
0.7853080
0.9541920
0.9622940
0.9569900
0.9398120
0.9373060
0.9382440
0.9558760
0.9558520
0.9669940
0.9663680
0.9409560
0.9457840
0.9298660
0.9639960
0.9839460
0.9703280
0.9823460
0.9744820
0.9844820
0.9765360
0.9442760
0.9706100
0.9552840
0.9488520
0.9655940
0.9785500
0.9598240
0.9469720
0.9530020
0.9352640
0.9296640
0.9462760
0.9002760
0.9556520
0.8656040
0.6765920
0.6464500
0.9568440
0.9471200
0.9766660
0.9542040
0.9753460
0.9457060
0.9466320
0.8995620
0.9720660
0.9697120
0.9500640
0.9749920
0.9391480
0.9554620
0.9794920
0.9568920
0.9626020
0.9709880
0.9616620
0.9593160
0.9285380
0.9630600
0.9370520
0.9458280
0.9615660
0.9569940
0.9615880
0.9689720
0.9814360
0.9684060
0.9792980
0.9677120
0.9710400
0.9509920
0.9574320
0.9290560
0.9561840
0.9478540
0.9482920
0.9541780
0.9581840
0.9789660
0.9728200
0.9417300
0.9780980
0.9816040
0.9575600
0.9745120
0.9418260
0.9906600
0.9770920
0.9749460
0.9603880
0.9368460
0.9755360
0.9701560
0.9335100
0.9485760
0.9797800
0.9786640
0.9754520
0.9699180
0.9514000
0.9721820
0.9470040
0.9570660
0.9694140
0.9591500
0.9684320
0.9721180
0.9317200
0.9569060
0.9884140
0.9759820
0.9629160
0.9654340
0.9874520
0.9578580
0.9462580
0.9458080
0.9745960
0.9600600
0.9783420
0.9724900
0.9801180
0.9848980
0.9564780
0.9620380
0.9696400
0.8814073
0.8621340
0.9429660
0.9496840
0.9640080
0.9729600
0.9486400
0.9625040
0.9603780
0.9584600
0.9669100
0.9650760
0.9709800
0.9366940
0.9488580
0.9413840
0.8821840
0.7921200
0.9202900
0.8450840
0.9005880
0.9186740
0.9729100
0.9041820
0.9570720
0.9395220
0.9547580
0.9618420
0.9857420
0.9470240
0.9636420
0.9794320
0.9704080
0.9738840
0.9774360
0.9559980
0.9296000
0.9653280
0.9701140
0.9599480
0.9598140
0.9763240
0.9475160
0.9232700
0.9601080
0.9263460
0.9743360
0.9520140
0.9752240
0.9842320
0.9705680
0.9577840
0.9512200
0.9738840
0.9618980
0.9384500
0.9673900
0.9684900
0.9567720
0.9472620
0.9456240
0.9625380
0.9568340
0.8540500
0.9241740
0.9351960
0.9423920
0.9302700
0.9451200
0.9335420
0.4676940
0.0581680
0.0615700
0.0840400
0.0929380
0.4688620
0.9230280
0.9331940
0.9349720
0.9512580
0.9223420
0.9815360
0.9791020
0.9584760
0.9369060
0.9348660
0.9553220
0.9652840
0.9446640
0.9567920
0.9413320
0.9542000
0.9778020
0.9465640
0.9419320
0.9458580
0.9716540
0.9276460
0.9266260
0.9277960
0.9587440
0.9272560
0.9393380
0.9389720
0.9384780
0.9571780
0.9637220
0.9319900
0.9584300
0.9330240
0.9343580
0.8928600
0.9154280
0.9239140
0.9111880
0.9518140
0.9472980
0.9251980
0.9662940
0.9542060
0.9622040
0.9806120
0.9492840
0.9248000
0.9594640
0.9726280
0.9715300
0.9516620
0.8452340
0.9348980
0.9507040
0.9663080
0.9654860
0.9561020
0.9615360
0.9676740
0.9478880
0.9754300
0.9420720
0.9592760
0.9375340
0.9412780
0.9625160
0.9613800
0.9736740
0.9704500
0.9477960
0.9335280
0.9565420
0.9702960
0.9554000
0.9767820
0.9593920
0.9584600
0.9682340
0.9544300
0.9634900
0.9709520
0.9738540
0.9590480
0.9588160
0.9113620
0.9750820
0.9623960
0.9679660
0.9656780
0.9604880
0.9688360
0.9313040
0.9640120
0.9858640
0.9621300
0.9808540
0.9656500
0.9346780
0.9587360
0.9262940
0.9699220
0.9530720
0.9686700
0.9734540
0.9828900
0.9640060
0.9821460
0.9779480
0.9666860
0.9453020
0.9486840
0.9707080
0.9567340
0.9614820
0.9476140
0.9274540
0.9501200
0.9508460
0.9774640
0.9241580
0.9691440
0.9605220
0.9655460
0.9673800
0.9538960
0.9644280
0.9303260
0.9528320
0.9565280
0.9673520
0.9511540
0.9669240
0.9342780
0.9633940
0.9526900
0.9559380
0.9505740
0.9674600
0.9677580
0.9607940
0.9831700
0.9601140
0.9621320
0.9672920
0.9295520
0.9397460
0.9648600
0.9163620
0.9391140
0.9604480
0.9658440
0.9808100
0.9809660
0.9615480
0.9743680
0.9814860
0.9705040
0.9613180
0.9644640
0.9630460
0.9391220
0.9587520
0.9671480
0.9500460
0.9340040
0.9377660
0.9376060
0.9178900
0.9317420
0.9191440
0.9343380
0.9507900
0.9694780
0.9644440
0.9634420
0.9697120
0.9635700
0.9761600
0.9707560
0.9665320
0.9690840
0.9640900
0.9396040
0.9648060
0.9787480
0.9595000
0.9112240
0.9217640
0.9383080
0.9334660
0.8933671
0.0000000
0.0000000
0.0000000
0.0000000
0.0000000
0.0000000
0.0000000
0.0000000
0.0000000
0.0000000
0.0000000
0.0000000
0.0000000
0.0000000
0.0000000
0.0000000
0.0000000
0.0000000
0.0000000
0.0000000
0.0000000
0.0000000
0.0000000
0.0000000
0.0000000
0.0000000
0.0000000
0.0000000
0.0000000
0.0000000
0.0000000
0.0000000
0.0000000
0.0000000
0.0000000
0.0000000
0.0356180
0.4154620
0.8505580
0.8465840
0.9396780
0.9590060
0.9444940
0.9407620
0.9704100
0.9445940
0.9504320
0.9560060
0.9697980
0.9122180
0.9255960
0.9611340
0.9630800
0.9712400
0.9697220
0.9707080
0.9601460
0.9725900
0.9568500
0.9505320
0.9735580
0.9475800
0.9743500
0.9367200
0.9754520
0.9624980
0.9757360
0.9686500
0.9712260
0.9611320
0.9684460
0.9673640
0.9690220
0.9675680
0.9629860
0.9663940
0.9483760
0.9753060
0.9713780
0.9743640
0.9660920
0.9628160
0.9059980
0.9426520
0.9554360
0.9548200
0.9590300
0.9809260
0.9538400
0.9722220
0.9548360
0.9253440
0.9796480
0.9348200
0.9760680
0.9522100
0.9202700
0.9499260
0.9525960
0.9569460
0.9373780
0.9637000
0.9543660
0.9447240
0.9466880
0.6910580
0.9669040
0.9717300
0.9760420
0.9766860
0.9701280
0.9648420
0.9731620
0.9764340
0.9076680
0.9690880
0.9752380
0.9617540
0.9751960
0.9732660
0.9671560
0.9642740
0.9491900
0.9688360
0.9806780
0.9856520
0.9818720
0.9814880
0.8669180
0.9803000
0.9815900
0.9733480
0.9754220
0.9733160
0.9685920
0.9626260
0.9722020
0.9806220
0.9858400
0.9713600
0.9687840
0.9790020
0.9868980
0.9804740
0.9780480
0.9621360
0.9586620
0.9607860
0.9875720
0.9506260
0.9697300
0.9659200
0.9674620
0.9484840
0.9807720
0.9580640
0.9637400
0.9700580
0.9660840
0.9690940
0.9363560
0.9620920
0.9627300
0.9701980
0.9576060
0.9713760
0.9821540
0.9778180
0.9700100
0.9823520
0.9690200
0.9777880
0.9676340
0.8366780
0.9752400
0.9714080
0.9763100
0.9709980
0.9706400
0.9863520
0.9837520
0.9664220
0.9746660
0.9721880
0.9736440
0.9490840
0.9683140
0.9654380
0.9784040
0.9649060
0.9656620
0.9525900
0.9467220
0.9712220
0.9647880
0.9553480
0.9457640
0.9673480
0.9640960
0.9614460
0.9470680
0.9607480
0.9573120
0.9627860
0.9760760
0.9768520
0.9814480
0.9757120
0.9808480
0.9736800
0.9746340
0.9766120
0.9717780
0.9768960
0.9629940
0.9811920
0.9686780
0.9647080
0.9691300
0.9680300
0.9678060
0.9636580
0.9615180
0.9185960
0.7145960
0.9156420
0.9587580
0.8963380
0.8893340
0.8679774
0.0000000
0.0000000
0.0000000
0.0000000
0.0000000
0.0000000
0.0000000
0.0000000
0.0000000
0.0000000
0.0000000
0.0000000
0.0000000
0.0000000
0.0000000
0.0000000
0.0000000
0.0000000
0.0000000
0.0000000
0.0000000
0.0000000
0.0000000
0.0000000
0.0000000
0.0000000
0.0000000
0.0000000
0.0000000
0.0000000
0.0000000
0.0000000
0.0208560
0.0000000
0.0000000
0.0000000
0.0000000
0.2383140
0.1190120
0.1358780
0.8775480
0.9322760
0.9279360
0.9435540
0.9662040
0.9411940
0.9407640
0.9591700
0.8816040
0.9363540
0.9589380
0.9615200
0.9454280
0.9495740
0.9731800
0.9633180
0.9291700
0.9584540
0.9711080
0.9653420
0.9617920
0.9441080
0.9584340
0.9299600
0.9500580
0.9510300
0.9692120
0.9862680
0.9560520
0.8954720
0.9174500
0.9523840
0.9316100
0.9647500
0.9670460
0.9491080
0.9442240
0.9669020
0.9384640
0.9090720
0.9595960
0.9549220
0.9606260
0.9553180
0.9650160
0.9635840
0.9552540
0.9327340
0.9680880
0.9313680
0.9512680
0.9276520
0.9340420
0.9531620
0.9611180
0.9798740
0.9505780
0.9303840
0.9565340
0.9549580
0.9420800
0.9602860
0.9584480
0.9693960
0.9522460
0.9381880
0.9542280
0.9544900
0.9594680
0.9618100
0.9463120
0.9618540
0.9555220
0.9418480
0.9585920
0.9416540
0.9523180
0.9539580
0.9773540
0.9486180
0.9565380
0.9455720
0.9278300
0.9813600
0.9671120
0.9413220
0.9535560
0.9505700
0.9523060
0.9477840
0.9613980
0.9523180
0.9550520
0.9479900
0.9543920
0.9558800
0.9564780
0.9747020
0.9736980
0.9641060
0.9774620
0.9269520
0.9485360
0.9640320
0.9473540
0.9687720
0.9479560
0.9141980
0.9351580
0.9598280
0.9460160
0.9677420
0.9747480
0.9701200
0.9437400
0.9528080
0.9613660
0.9819780
0.9739700
0.9643760
0.9476300
0.9606380
0.9601060
0.9582620
0.9726360
0.9712920
0.9839260
0.9715920
0.9815660
0.9838100
0.9839820
0.9774400
0.9299720
0.9548160
0.9752880
0.9627500
0.9703160
0.9538500
0.9722720
0.9589300
0.9695620
0.9536560
0.9542660
0.9374220
0.9614640
0.9677660
0.9469260
0.9595200
0.9789100
0.9751740
0.9766020
0.9753680
0.9803380
0.9695340
0.9767680
0.9839200
0.9825220
0.9864160
0.9757800
0.9803320
0.9694020
0.9673760
0.9821840
0.9658520
0.9459080
0.9297060
0.9550880
0.9440440
0.9568220
0.9691640
0.9512220
0.8361920
0.8847320
0.9098740
0.4360348
0.0000000
0.0000000
0.0000000
0.0000000
0.0000000
0.0000000
0.0000000
0.0000000
0.0000000
0.0000000
0.0000000
0.0000000
0.0000000
0.0000000
0.0000000
0.0000000
0.0000000
0.0000000
0.0000000
0.0000000
0.0000000
0.0000000
0.0000000
0.0000000
0.0000000
0.0000000
0.0000000
0.0000000
0.0000000
0.0000000
0.0000000
0.0000000
0.0000000
0.0000020
0.1581820
0.0317400
0.0358840
0.0407500
0.0392560
0.3188120
0.4237860
0.1940240
0.2130060
0.1055000
0.2416360
0.6396200
0.5255160
0.9546360
0.8267020
0.9313600
0.9672540
0.9797360
0.9737920
0.9754400
0.9735940
0.9760900
0.6118860
0.5041800
0.9593820
0.9639300
0.2621140
0.6412640
0.9691460
0.8850880
0.3918300
0.7750120
0.9689860
0.9606560
0.8687560
0.8876980
0.9423780
0.9845140
0.9602680
0.9768380
0.9264180
0.9752920
0.9726800
0.9483820
0.9646900
0.9744460
0.9652640
0.9373220
0.9200440
0.9603040
0.9611340
0.9435540
0.9442960
0.7177800
0.9193060
0.8731200
0.9175080
0.9559560
0.9551800
0.9611020
0.9542060
0.9884100
0.9822080
0.9833420
0.9372280
0.9520540
0.9551740
0.9356040
0.9504080
0.9417500
0.9551940
0.9654560
0.9540920
0.9664540
0.9609820
0.9496900
0.9301320
0.9478800
0.9307480
0.9588400
0.9803220
0.9816820
0.9623760
0.9650980
0.9628860
0.9566980
0.9699020
0.9755160
0.9802680
0.9760620
0.9471620
0.9774040
0.9653360
0.9577380
0.9364400
0.9366740
0.9462060
0.9580560
0.9597520
0.9658920
0.9621000
0.9659260
0.9724520
0.9617400
0.9758080
0.9731160
0.9850660
0.9408960
0.9500640
0.9550480
0.9438140
0.8981380
0.9637220
0.9596200
0.8968840
0.9366520
0.8565260
0.9207200
0.9550200
0.9428220
0.9477520
0.9398560
0.9615580
0.9152980
0.9713020
0.9474960
0.9720200
0.9796080
0.9716820
0.9040080
0.7321980
0.8952300
0.9385100
0.9568840
0.3430780
0.8922200
0.8062320
0.9646280
0.9673900
0.9616340
0.9403040
0.9609320
0.9766860
0.9437080
0.9605220
0.9323920
0.9445060
0.9467840
0.9576500
0.9662100
0.9716620
0.9473020
0.9539760
0.9535620
0.9706580
0.9802120
0.9829680
0.9861260
0.9814600
0.9698380
0.9412100
0.9839140
0.9615060
0.9726360
0.9552920
0.9435900
0.9415800
0.9598660
0.9679060
0.7333063
0.8788140
0.9526780
0.9339820
0.9516460
0.9216300
0.7849200
0.9456940
0.9517960
0.9494580
0.9503480
0.9260900
0.9762620
0.9816640
0.9811180
0.9851440
0.9773040
0.9681520
0.9506520
0.9570740
0.9547080
0.9528000
0.9656140
0.9673680
0.9214320
0.9546020
0.9692220
0.9632740
0.9724400
0.9598960
0.5070360
0.5217380
0.9544060
0.4773280
0.6088060
0.9711140
0.9554800
0.3008260
0.5220680
0.9575200
0.9349720
0.9090140
0.8864900
0.6946820
0.6052000
0.8352480
0.7889680
0.9608080
0.9570020
0.9687220
0.9574100
0.9523140
0.9716200
0.9698240
0.9704820
0.9689220
0.9691380
0.7180860
0.6204060
0.5433620
0.7606960
0.6980000
0.9323780
0.9168080
0.8609380
0.3883980
0.3974080
0.0416440
0.5517560
0.4409840
0.5462120
0.7965960
0.9360060
0.4661220
0.0304833
0.0282780
0.0317060
0.0376260
0.0000000
0.0000000
0.0000000
0.0000000
0.0000000
0.0000000
0.0000000
0.0000000
0.0000000
0.0000000
0.0000000
0.0000000
0.0000000
0.0000000
0.0000000
0.0000000
0.7370100
0.9422500
0.9392780
0.9458100
0.9411700
0.9703500
0.9840640
0.9653100
0.9782460
0.9775320
0.9689860
0.9700420
0.9846760
0.9621440
0.9461140
0.9688200
0.9781120
0.9856660
0.9443740
0.9530240
0.9606460
0.9599300
0.9684140
0.9598700
0.9445400
0.9353120
0.9527640
0.9432700
0.9632280
0.9627420
0.9722320
0.9648460
0.9751380
0.9554920
0.9672600
0.9786040
0.9813120
0.9729980
0.9557880
0.9855640
0.9496460
0.9526160
0.9424420
0.9406440
0.9389040
0.9329700
0.9421740
0.7026480
0.9380520
0.5195360
0.9480460
0.9477180
0.9350200
0.9792820
0.9798480
0.9621240
0.8231180
0.9466340
0.9319320
0.9507880
0.9736000
0.9766860
0.9761820
0.9745980
0.9864680
0.9834400
0.9854820
0.9667460
0.9770400
0.9564160
0.9704020
0.9581440
0.9872340
0.9881540
0.9688040
0.9679740
0.9641840
0.9646500
0.9679860
0.9515180
0.9786720
0.9813600
0.9540780
0.8670700
0.9730460
0.9521720
0.9368100
0.5816100
0.0000000
0.6085460
0.8976680
0.9059700
0.9239120
0.9427240
0.9226440
0.8156220
0.9197540
0.9437240
0.9315460
0.9218940
0.9514380
0.9630200
0.9359860
0.9383080
0.9399060
0.9468820
0.9586660
0.9407940
0.9350760
0.9537740
0.9569480
0.9634240
0.9453020
0.9549400
0.9613100
0.9705760
0.9633480
0.9308380
0.9687680
0.9638060
0.7076600
0.9345820
0.7609900
0.9472880
0.9622640
0.7985180
0.6228520
0.5667280
0.9324760
0.7500300
0.7469700
0.9019060
0.7758860
0.7514840
0.5021060
0.0981360
0.0433860
0.0449800
0.0389460
0.0397500
0.0469840
0.0706200
0.0693240
0.7051340
0.9395780
0.9504200
0.9527140
0.9500560
0.9372380
0.9367560
0.9432280
0.8207480
0.9543480
0.8471260
0.9462520
0.9288940
0.9835440
0.9637400
0.9664280
0.9750960
0.9303980
0.9525560
0.5212600
0.9731320
0.9482920
0.5720660
0.6214200
0.9331780
0.9303240
0.9580200
0.9453240
0.9669280
0.9436880
0.9376540
0.9254340
0.9314740
0.8033580
0.9411880
0.9324540
0.9432200
0.7931720
0.9448060
0.3882000
0.7254580
0.8565540
0.9539320
0.9698700
0.9432840
0.9467380
0.9564320
0.9726040
0.9623920
0.9424460
0.9837640
0.9618200
0.9772600
0.9716680
0.9605200
0.9656160
0.9640360
0.9586540
0.9610780
0.9641520
0.9673960
0.9735240
0.9649540
0.9607380
0.9247420
0.9005740
0.8593840
0.8906160
0.9335880
0.9560120
0.9480900
0.8195640
0.9591840
0.9684060
0.9398500
0.9452580
0.8003140
0.9680480
0.9689120
0.9499260
0.9618580
0.9433640
0.9251060
0.9333520
0.9531420
0.9633280
0.9594580
0.9570600
0.9785000
0.9715720
0.9743880
0.9683760
0.9638860
0.9571380
0.9733260
0.9619300
0.9529720
0.9263420
0.9400260
0.9395780
0.9364560
0.9541660
0.9616100
0.9441740
0.9589640
0.9827120
0.9687680
0.9478240
0.9687460
0.9693660
0.8499880
0.9390540
0.9409660
0.6836275
0.8188980
0.9266800
0.9674000
0.9526940
0.9662040
0.9543600
0.9609320
0.9563440
0.9727940
0.9599040
0.9675340
0.9724780
0.9656340
0.9708720
0.9356440
0.9634800
0.9742740
0.9556180
0.9520520
0.9615000
0.9810640
0.9218600
0.9673180
0.9110580
0.8770900
0.9422760
0.9641180
0.9516120
0.7259300
0.6957100
0.4835940
0.1223420
0.0298320
0.0310380
0.0282640
0.0328820
0.0342440
0.0398540
0.0348100
0.0390180
0.0396460
0.1744600
0.9521440
0.9391940
0.9689260
0.9331060
0.9394880
0.9685100
0.9596560
0.9588240
0.9798400
0.9712600
0.9566940
0.9728420
0.9616040
0.9592140
0.9572000
0.9742240
0.9816040
0.9771140
0.9774420
0.9815560
0.9740700
0.9550460
0.9472620
0.9687900
0.9727860
0.9638340
0.9647840
0.9538540
0.9597180
0.9429500
0.9626480
0.9713460
0.9565520
0.9575580
0.9853720
0.9915600
0.9733720
0.9633680
0.9717800
0.9807760
0.9879700
0.9704960
0.9786440
0.9634260
0.9694760
0.9665580
0.9570120
0.9808520
0.9751580
0.9509580
0.9590340
0.8915360
0.9131620
0.9606920
0.9808520
0.9732260
0.9380460
0.9522360
0.9521500
0.9725580
0.9673220
0.9561980
0.9773040
0.9855660
0.9630560
0.9581660
0.9507740
0.9655820
0.9875140
0.9613900
0.9684420
0.9715720
0.9613540
0.9468580
0.9745700
0.9558600
0.9533720
0.9615880
0.9576400
0.9709380
0.9735140
0.9612440
0.9660860
0.9498200
0.9706380
0.9576400
0.9617620
0.9702940
0.9794580
0.9751660
0.9869340
0.9756100
0.9749080
0.9776140
0.9725920
0.9619920
0.9694700
0.9755640
0.9595740
0.9374520
0.9694980
0.9761600
0.9781480
0.9723220
0.9600960
0.9789660
0.9737860
0.9789160
0.9901500
0.9761800
0.9823120
0.9517720
0.9563520
0.9705300
0.9753600
0.9693580
0.9368960
0.9485720
0.6642672
0.4674920
0.9210640
0.9406600
0.9359300
0.9353860
0.9174640
0.9314000
0.9274380
0.9240600
0.9138640
0.9526000
0.9246720
0.9410460
0.9294260
0.8609580
0.9445660
0.8731220
0.8485260
0.9322960
0.9373100
0.9272660
0.9297940
0.9270900
0.9139940
0.9030160
0.9227440
0.9497080
0.9292840
0.9022140
0.9291380
0.9396580
0.9370320
0.9403120
0.9371440
0.9302100
0.9241740
0.9364980
0.9402500
0.9466940
0.9336200
0.9213780
0.9278640
0.9446180
0.9234580
0.9148860
0.9057280
0.9312840
0.9350920
0.7751100
0.0147980
0.0000000
0.0000000
0.0000000
0.0000000
0.0000000
0.8470160
0.9563180
0.9606300
0.9680000
0.9502260
0.9437220
0.9819700
0.9891720
0.9837980
0.9850700
0.9523620
0.9131160
0.9773880
0.9622400
0.9406420
0.9471920
0.9406280
0.9348800
0.8465120
0.9196020
0.8720440
0.9209140
0.9369780
0.9143380
0.9335760
0.8934760
0.9378380
0.8832900
0.9497560
0.9547980
0.9430980
0.7571520
0.8681500
0.9611200
0.9335800
0.9310560
0.9248440
0.9465800
0.9331900
0.9279260
0.9296640
0.8318400
0.9268960
0.8963300
0.9283560
0.8360880
0.9323440
0.9528100
0.9555100
0.9528100
0.9403740
0.9084080
0.9132700
0.9132800
0.9029400
0.8832680
0.9457120
0.9104760
0.9492260
0.9460920
0.9504420
0.9081600
0.8698542
0.8264000
0.9665400
0.9699120
0.9593080
0.9701600
0.9454900
0.9355480
0.9449220
0.9373140
0.9673520
0.9351100
0.9432260
0.9583700
0.9784420
0.9709980
0.9734360
0.9706000
0.9686160
0.9771440
0.9718220
0.9752340
0.9837620
0.9880480
0.9698180
0.9425600
0.9469700
0.9713440
0.9535080
0.9551940
0.9795300
0.9724740
0.9785260
0.9847860
0.9645180
0.9675540
0.9747760
0.9408680
0.9426200
0.9676020
0.9642580
0.9748020
0.9809740
0.9609760
0.9522880
0.9539540
0.9699000
0.9634340
0.9208880
0.9876940
0.9571220
0.9405740
0.7460460
0.5345560
0.0600140
0.0356880
0.0420660
0.0550800
0.1110740
0.5292980
0.6999180
0.5786380
0.6459520
0.6126220
0.7839400
0.9494540
0.9550680
0.9526560
0.9433320
0.9532600
0.9288760
0.9415060
0.9356060
0.9347020
0.9585580
0.9153480
0.9641340
0.9774540
0.9601500
0.9697400
0.9636820
0.9608220
0.9819880
0.9703120
0.9555460
0.9635220
0.9696900
0.9700080
0.9554140
0.9421900
0.9620480
0.9689860
0.9670620
0.9338340
0.9857980
0.9795960
0.9372180
0.9310780
0.9500760
0.9618580
0.9534980
0.9454500
0.9643700
0.9509240
0.9791780
0.9299620
0.9679580
0.9881320
0.9345140
0.9485460
0.9696160
0.9482720
0.9609220
0.9457740
0.9545440
0.9644160
0.9792400
0.9890420
0.9782560
0.9749660
0.9695440
0.9831140
0.9828140
0.9779860
0.9807880
0.9635540
0.9772660
0.9771960
0.9748860
0.9303640
0.5568082
0.0000000
0.0000000
0.0000000
0.0000000
0.0000000
0.0000000
0.0000000
0.0000000
0.0000000
0.0000000
0.1810340
0.0000980
0.0719820
0.0401560
0.0741440
0.1143200
0.0368280
0.2153940
0.3953120
0.6652740
0.4168360
0.5107980
0.0000000
0.0000000
0.0000000
0.0513080
0.5097420
0.4817260
0.9481240
0.9483380
0.9816300
0.9608100
0.9684660
0.9641800
0.9143780
0.9477240
0.9747220
0.9671480
0.9703320
0.9731000
0.9758520
0.9830100
0.9842160
0.9785120
0.9809360
0.9628540
0.9811740
0.9734460
0.9822140
0.9743900
0.9821900
0.9623360
0.9700760
0.9793000
0.9791120
0.9155060
0.9603420
0.9606120
0.9623080
0.9822280
0.9809420
0.9704500
0.9664640
0.9476520
0.9601200
0.9678960
0.9560580
0.9459960
0.7456480
0.9801860
0.9691980
0.9738560
0.9348840
0.9636040
0.9539940
0.9747980
0.9781100
0.9772620
0.9656960
0.9748140
0.9477680
0.9683360
0.9723240
0.9746220
0.9778020
0.9507080
0.3834460
0.8206220
0.6928960
0.9645820
0.9779840
0.9589180
0.9539100
0.8448255
0.0000000
0.0000000
0.0000000
0.0000000
0.0000000
0.0000000
0.0000000
0.0000000
0.0000000
0.0000000
0.0000000
0.0000000
0.0000000
0.0000000
0.0000000
0.0000000
0.0000000
0.0000000
0.0000000
0.0000000
0.0000000
0.2816920
0.3466320
0.3191060
0.3305320
0.2019940
0.0000000
0.0000000
0.0000000
0.0000000
0.1346240
0.2517800
0.6915820
0.7822280
0.9166160
0.9344660
0.3513040
0.3086660
0.9506520
0.9667300
0.8943160
0.9067360
0.3399180
0.8262600
0.8942980
0.9277020
0.9258800
0.8651640
0.9175440
0.8781680
0.9102240
0.9538040
0.9790900
0.9686280
0.9873380
0.9751160
0.9278080
0.9192560
0.9386680
0.9469820
0.9643440
0.9512800
0.9309480
0.9279180
0.9396740
0.9603580
0.9581160
0.9691120
0.9757580
0.9341180
0.9510980
0.9650360
0.9308440
0.9712260
0.9770120
0.9383400
0.9165880
0.9364580
0.9362420
0.9687780
0.9601440
0.9242460
0.9266280
0.9360380
0.9306320
0.9021960
0.9562040
0.9702420
0.9668600
0.9594280
0.9494240
0.9742140
0.9619080
0.9606240
0.9697280
0.9762640
0.9781600
0.9681720
0.9743660
0.9644340
0.9448440
0.7985795
0.0000000
0.0000000
0.0000000
0.0000000
0.0000000
0.4095260
0.9541280
0.7273720
0.9808600
0.9677080
0.9688020
0.9714840
0.9747940
0.9503440
0.9697820
0.9531900
0.9597200
0.9561400
0.9559160
0.9719800
0.9681080
0.9403920
0.9601160
0.9416200
0.9706240
0.9355160
0.9650660
0.9467160
0.9392460
0.9535840
0.9582120
0.9599540
0.9313460
0.9354920
0.9442440
0.9713940
0.9393980
0.9544560
0.9325200
0.9522180
0.9585060
0.9433140
0.9485940
0.9714100
0.9686260
0.9605860
0.9482640
0.9178640
0.9277400
0.9600080
0.9418320
0.9631400
0.9329340
0.9748140
0.9546000
0.9626340
0.9394180
0.9616240
0.9660900
0.9627740
0.9546700
0.9424740
0.9560280
0.9607960
0.9769120
0.9721880
0.9696020
0.9755240
0.9581840
0.9808820
0.9628700
0.9699720
0.9467960
0.9579160
0.5544760
0.9276560
0.9761820
0.9677840
0.9746680
0.9757660
0.9577000
0.9553040
0.9262080
0.9462100
0.9443660
0.9433220
0.9634900
0.9521400
0.9544420
0.9181940
0.9730540
0.9673300
0.9243620
0.9361640
0.9319940
0.9317180
0.7236400
0.9305980
0.5972840
0.7527000
0.8353180
0.9703660
0.9031920
0.8204580
0.6998160
0.4860520
0.9385660
0.9044080
0.9046040
0.8804800
0.8429020
0.8785520
0.8724520
0.8831360
0.9164600
0.9031840
0.9520440
0.0630300
0.0064780
0.0087320
0.0107760
0.0094140
0.0104740
0.0133140
0.0219220
0.9174020
0.7089340
0.9198040
0.8921320
0.9064680
0.9008060
0.9230380
0.9284920
0.9172180
0.9200580
0.9356640
0.9198240
0.9485400
0.9447160
0.9187200
0.9399200
0.8725900
0.9097800
0.6966920
0.9523760
0.5018880
0.8615000
0.9099180
0.9345440
0.8955460
0.9124020
0.8890480
0.8691120
0.8885600
0.8992200
0.9331960
0.9034840
0.9590920
0.9486060
0.9329280
0.9183340
0.9223840
0.9427820
0.9271500
0.9654180
0.9493500
0.9454520
0.9250100
0.9699280
0.9422380
0.9400740
0.9398220
0.9322700
0.9531100
0.9519380
0.9444560
0.9552760
0.9621600
0.7123700
0.5415740
0.6386340
0.5766380
0.8278160
0.5419540
0.6356220
0.5579480
0.8847960
0.9584380
0.9754620
0.9556760
0.9722580
0.9611780
0.9189740
0.9438800
0.9552100
0.9466920
0.9513500
0.9475900
0.9650880
0.9560020
0.9396000
0.9339200
0.9267320
0.8854900
0.4206760
0.9284560
0.9261440
0.8780740
0.8833900
0.9096320
0.9460100
0.9572720
0.8914460
0.9509580
0.9408040
0.9455980
0.9643780
0.9536480
0.9165920
0.9229300
0.9626340
0.9354760
0.9814040
0.9223820
0.9422400
0.9249680
0.9390420
0.9614120
0.8545120
0.9329060
0.9584260
0.6375340
0.9442560
0.8619380
0.9501640
0.9142580
0.9234080
0.9511380
0.9325840
0.9142120
0.7853100
0.7323040
0.9490300
0.9484880
0.9414120
0.9636600
0.9667020
0.9236820
0.9519700
0.9640540
0.9684220
0.9433300
0.9268360
0.9569980
0.9244660
0.9538520
0.9698240
0.9403740
0.9145700
0.9448360
0.9443740
0.9440060
0.9204100
0.9115400
0.9405000
0.9686200
0.9454840
0.9673820
0.9310040
0.9512180
0.8057680
0.6347240
0.9549200
0.9564020
0.9554020
0.9458600
0.9386680
0.9576960
0.9499920
0.9438660
0.9304160
0.9583100
0.6800520
0.7612480
0.9266540
0.9548600
0.9702700
0.9586880
0.6746340
0.9778080
0.9658060
0.9751980
0.9651120
0.9227840
0.9423400
0.9609920
0.9320260
0.9773560
0.9342660
0.6855720
0.9383820
0.9683800
0.9457280
0.9578500
0.9277700
0.7750360
0.7811380
0.9673780
0.6431160
0.7817860
0.7354720
0.3501160
0.0000000
0.0000000
0.0000000
0.0000000
0.0000000
0.0000000
0.4176100
0.5754100
0.5635920
0.5835040
0.5335140
0.5455620
0.5404980
0.3484260
0.7136460
0.9300080
0.8747560
0.9523940
0.9845020
0.5042860
0.4179620
0.5756100
0.3814080
0.8246620
0.7091200
0.9302360
0.9494480
0.9341560
0.9247840
0.8065060
0.9649220
0.9512040
0.9139420
0.5848040
0.9183540
0.9395320
0.1148840
0.0160500
0.1426520
0.9556380
0.9478300
0.5552640
0.9422380
0.8949860
0.5661720
0.3303200
0.0344660
0.0146160
0.0125480
0.0163580
0.0119860
0.0165140
0.0154780
0.1571860
0.4629860
0.0000000
0.0000000
0.0000000
0.0000000
0.0000000
0.0000000
0.0000000
0.0000000
0.0000000
0.0000000
0.0000000
0.0000000
0.0000000
0.0000000
0.0000000
0.0000000
0.0000000
0.0000000
0.0000000
0.0000000
0.0000000
0.0000000
0.0000000
0.0000000
0.0000000
0.0000000
0.0000000
0.0000000
0.0000000
0.0000000
0.0000000
0.0000000
0.0000000
0.0000000
0.0000000
0.0000000
0.0000000
0.0000000
0.0000000
0.0000000
0.0000000
0.0000000
0.0000000
0.0000000
0.0000000
0.0000000
0.0000000
0.0000000
0.0000000
0.0000000
0.0000000
0.0000000
0.0000000
0.0000000
0.0000000
0.0000000
0.0000000
0.0000000
0.0000000
0.1311080
0.0000000
