dna_library_id	ploidy	depth1	depth2	depth3	depth4	numOverlaps	meanOverlapSize	meanFragSize	numReads	sampleSize	nr_bins
VZA02704D_A02	2	0.0049894157866377025	5.8913077605189805e-6	0	0	193.55	71.74302356422712	143.17932424688934	97728	82306.9256820859	235693
VZA02704D_A02	3	0.004992127188982123	5.736957314848595e-6	0	0	17.6	71.25508917553036	143.557799091368	13867	7637.3419412914745	21928
VZA02704D_A04	1	0.0050018113083497694	1.7619986850756083e-6	0	0	0.4	26.8	140.56972586412397	839	541.0126507147824	1521
VZA02704D_A04	2	0.004988433486739373	6.685090498576496e-6	0	0	218.55	74.29462517434108	141.1090644422879	269978	86001.20798733884	242711
VZA02704D_A04	3	0.004976472166331321	9.206572769953052e-6	0	0	19.25	72.29659486865268	140.5465855255556	25963	5304.291080514693	14910
VZA02704D_A05	3	0.004976748490945674	1.0424547283702214e-5	0	0	17.35	89.25702996908493	150.51817210048102	7484	4952.890336074029	14910
VZA02704D_A06	2	0.0049869786063239455	6.366258653556737e-6	0	0	219.25	75.16699950063912	143.80361080195712	190484	90102.74448424114	259142
VZA02704D_A07	2	0.004986452446920993	6.256820584853092e-6	0	0	225.2	72.01071810400069	138.45050803015405	170856	93586.51105258484	259142
VZA02704D_A08	1	0.004963643332541003	1.361659139529356e-5	0	0	17.45	64.53562440719755	104.95434314429289	6965	4008.409632192305	8414
VZA02704D_A08	2	0.004978586171584307	1.0004100300280698e-5	5.528265552581762e-9	0	449.25	54.603819179902	106.23796212692798	323396	115356.12839935765	245104
VZA02704D_A08	3	0.00499024359886202	9.703058321479373e-6	0	0	10.35	53.42525492481375	105.21291327678726	11554	2672.67573192501	5624
VZA02704D_A09	2	0.004985080012854795	7.548483587476464e-6	0	0	217.25	84.27971479193185	157.59064910729802	132351	77006.78986186118	242711
VZA02704D_A09	3	0.004977318578135479	9.397048960429242e-6	0	0	14.6	95.62031370998282	156.1062691732872	12713	4775.592959514335	14910
VZA02704D_A10	1	0.005000578566732413	0	0	0	0	0	152.38732394366198	568	499.0572577291002	1521
VZA02704D_A10	2	0.004985939141612865	6.875110728397147e-6	0	0	212.7	78.3905894353402	146.08913466653416	171067	83069.49060722988	242711
VZA02704D_A10	3	0.004981727028839705	8.955734406438632e-6	0	0	18.45	72.95770469160509	145.19181981313037	16161	5134.586789803298	14910
VZA02704D_A11	2	0.0049843194112680475	6.0471248615784095e-6	0	0	177.15	80.50635050041176	165.73818649805557	107229	71104.0119902498	235693
VZA02704D_A11	3	0.00497572168004378	9.617156147391462e-6	0	0	22.85	92.44891915635598	166.51269341550002	14929	6584.4830055336815	21928
VZA02704D_A12	2	0.004986976630643028	6.680743765218717e-6	0	0	206.3	78.53409489452774	152.68010248985038	140892	79483.50703266477	242711
VZA02704D_A12	3	0.004975024480214621	7.380281690140845e-6	0	0	14.55	75.20938461048755	153.15920177383592	13530	4867.48423448204	14910
VZA02704D_A13	1	0.00498	0	0	0	0	0	149.63563402889247	623	508.23455584995116	1521
VZA02704D_A13	2	0.004986983882065502	6.667415156296995e-6	3.666912500875527e-9	0	210.8	76.76547928753627	149.87365095561398	203848	80971.8714572051	242711
VZA02704D_A13	3	0.004971215627095909	9.837022132796781e-6	1.8443997317236754e-8	0	17	87.43158296618242	149.46193735739473	19284	4987.891988964077	14910
VZA02704D_A14	1	0.004983527284681131	0	0	0	0	0	153.34441087613294	662	495.9424315857911	1521
VZA02704D_A14	2	0.004985244838511645	7.000053561643271e-6	0	0	210.6	80.73002990458423	150.96487556281232	202110	80386.57969118607	242711
VZA02704D_A14	3	0.00498525754527163	8.615358819584171e-6	0	0	16.55	77.95853640004646	150.88942582488957	19245	4940.704068058214	14910
VZA02704D_A15	1	0.005041817882971729	0	0	0	0	0	159.6831432192649	789	476.255655210731	1521
VZA02704D_A15	2	0.004986780759833711	6.602543766042743e-6	0	0	197.75	81.03310175230928	156.5757409266623	252994	77505.940116765	242711
VZA02704D_A15	3	0.004972899061032864	9.254191817572098e-6	1.9114688128772635e-8	0	16.5	83.49098207756296	156.76909903512802	23941	4755.401444470585	14910
VZA02704D_A16	1	0.004991709401709401	0	0	0	0	0	158.90380047505937	842	478.59144823874976	1521
VZA02704D_A16	2	0.004984700013596417	6.786754617631669e-6	0	0	207.35	79.48294837194402	151.73715090887742	264007	79977.44736414454	242711
VZA02704D_A16	3	0.004984349094567404	8.390006706908115e-6	0	0	16.4	75.93684693085066	149.40380990575497	24935	4989.8325917543	14910
VZA02704D_A17	2	0.004984790274008545	6.996753564617379e-6	0	0	228.45	78.25162209822663	146.56276214902087	299448	87115.23863761527	255357
VZA02704D_A17	3	0.004965630774697939	7.141080312722104e-6	0	0	2.95	71.12583333333333	149.4508990318119	5061	941.4463272653235	2814
VZA02704D_A18	1	0.004984454306377383	2.30111768573307e-6	0	0	0.5	35	152.4741980474198	717	498.7729135413999	1521
VZA02704D_A18	2	0.004986306862894554	6.969853035091117e-6	1.0094309693421394e-9	0	205.45	82.36100935205565	155.30902251103143	232064	78138.08756112689	242711
VZA02704D_A18	3	0.004979097920858484	9.072769953051644e-6	0	0	17.3	78.98582624848491	154.57182409671913	21671	4823.000597660824	14910
VZA02704D_A19	2	0.004986710594081027	6.726477168319524e-6	0	0	229.75	71.05752291887991	129.51369612675708	101233	93700.90085393553	242711
VZA02704D_A19	3	0.0049917783366867875	8.265258215962441e-6	0	0	17.55	70.49578092530105	128.21028134050476	9668	5814.6662826523125	14910
VZA02704D_A20	1	0.005001673241288626	0	0	0	0	0	141.11292517006802	735	538.9300796390212	1521
VZA02704D_A20	2	0.004986569520952903	7.006769367684201e-6	0	0	233	73.00173313721298	136.22755127593328	211649	89082.93429879726	242711
VZA02704D_A20	3	0.004977629778672032	9.067739771965125e-6	0	0	18.35	73.59645760792355	134.71740997020052	19799	5533.805913911977	14910
VZA02704D_A21	1	0.005024441157133464	0	0	0	0	0	133.17977528089887	801	571.032649962035	1521
VZA02704D_A21	2	0.004981577200001697	6.436360010691875e-6	3.3942459046301756e-9	0	205.75	73.72957409842621	138.61983859788097	242376	85014.16622036196	235693
VZA02704D_A21	3	0.0049744203757752644	9.514547610361181e-6	2.2801897117840204e-10	0	27.85	74.8734236658245	138.88566492943727	34154	7894.263245649152	21928
VZA02704D_A22	1	0.0049863675213675214	8.481262327416173e-7	0	0	0.3	12.9	153.390243902439	1107	495.79424391795203	1521
VZA02704D_A22	2	0.004988855222878238	6.827646872206039e-6	0	0	207.25	79.9429132744867	149.84625527026495	329917	80986.67516323407	242711
VZA02704D_A22	3	0.004981752850435949	9.218980549966466e-6	0	0	17.1	81.3659554729756	149.21891778928077	31103	4996.01532463033	14910
VZA02704D_A23	2	0.004987068468260606	6.442682861510191e-6	0	0	244.55	63.91958551403152	124.7766788000502	199175	97258.15846923405	242711
VZA02704D_A23	3	0.004984791750503018	9.363849765258215e-6	5.432595573440643e-8	0	23.45	60.99676398437769	122.69640794323121	18179	6075.972495828286	14910
VZA02704D_A24	2	0.004987736549845258	6.347543045897616e-6	0	0	247.05	66.58525149983025	126.89743784330732	276720	102106.86850903483	259142
VZA02704D_B01	3	0.004983715291750503	8.384976525821597e-6	0	0	16.65	75.08095035382574	130.43617622140638	7082	5715.438934169347	14910
VZA02704D_B02	2	0.004986501456464685	6.585774851572446e-6	0	0	256.95	62.206606716100694	123.55395444048928	99167	98220.65230494247	242711
VZA02704D_B02	3	0.004981752850435949	9.852112676056338e-6	0	0	22.5	65.32547667911798	124.94674300529329	9257	5966.542080800116	14910
VZA02704D_B04	1	0.004998208858228354	0	0	0	0	0	165.59259259259258	6480	3020.062625810781	10002
VZA02704D_B04	2	0.004982733877057233	7.161038623612611e-6	1.5832677021508083e-9	0	204.2	86.37366906313585	161.7285249758485	328137	76154.16020049177	246326
VZA02704D_B04	3	0.004970449538024165	1.0698294243070362e-5	0	0	3.65	82.88488095238095	165.4302384576357	5913	850.5095641026428	2814
VZA02704D_B05	3	0.004972064676616915	1.050639658848614e-5	0	0	1.75	174.15	143.07743153918793	1059	983.3836020565077	2814
VZA02704D_B06	2	0.004983431431290312	6.805824786475405e-6	0	0	201.65	86.19138110826721	166.44760779402657	297048	76707.92130458128	255357
VZA02704D_B06	3	0.004970151030561479	1.1725302061122956e-5	0	0	2.75	104.60904761904762	167.83095238095237	5040	838.3435713373718	2814
VZA02704D_B07	2	0.004987028482453635	6.537747644148768e-6	0	0	220.8	76.66380198837501	143.3882151126673	141656	90363.77215393161	259142
VZA02704D_B08	2	0.004986660865471441	7.025183104244005e-6	2.3153329062830416e-9	0	225.7	80.77666110177638	146.67287462524325	228148	88340.12446477276	259142
VZA02704D_B09	2	0.004986696039237175	6.281073697046407e-6	0	0	241.4	67.40467233981335	121.67199232763826	140765	106492.05089951292	259142
VZA02704D_B10	1	0.004993622533872118	3.068695032089375e-6	0	0	3.4	73.9475	144.02565198802907	4678	2921.0074330020543	8414
VZA02704D_B10	2	0.004987140050753965	6.378414876950193e-6	0	0	208	75.11101832429247	146.61271600571212	228987	83588.92962273839	245104
VZA02704D_B10	3	0.0049749431009957325	1.0301386913229019e-5	0	0	6.7	85.19443452380952	143.5793450881612	7940	1958.4989737022158	5624
VZA02704D_B11	2	0.004986250643769751	6.7818928684732045e-6	0	0	248.55	66.23289039555883	129.26393604563683	152859	93881.9470553297	242711
VZA02704D_B11	3	0.004976005365526492	8.971830985915493e-6	2.6156941649899398e-8	0	19.4	70.0859835177112	128.74535549657773	14318	5790.500147555355	14910
VZA02704D_B12	1	0.0049932347140039446	0	0	0	0	0	140.16360294117646	544	542.5802305604008	1521
VZA02704D_B12	2	0.004985344895781402	6.903539600594946e-6	0	0	221.2	75.74632554603086	137.58495060603937	171276	88204.05099936346	242711
VZA02704D_B12	3	0.0049850117370892014	9.689805499664655e-6	2.2468142186452048e-8	0	18.7	76.89974220647122	136.87176426237747	15916	5446.704103053042	14910
VZA02704D_B13	1	0.005010565417488494	0	0	0	0	0	152.05722460658083	699	500.1406555772994	1521
VZA02704D_B13	2	0.004985858016323941	6.699572742891752e-6	0	0	201.6	80.68232047305627	155.43464714056046	210863	78074.93517854968	242711
VZA02704D_B13	3	0.004984175385647217	8.080482897384307e-6	0	0	15.2	78.25279766311559	154.67564240652408	19497	4819.763399079024	14910
VZA02704D_B15	1	0.0049768145956607494	3.6324786324786324e-6	0	0	0.25	55.25	177.2206572769953	852	429.126046413055	1521
VZA02704D_B15	2	0.004984435666286241	7.06109323434043e-6	1.7716543543555918e-9	0	193.7	88.47450025759439	165.47171425277352	268881	73339.12055483882	242711
VZA02704D_B15	3	0.004975211602951039	9.247820254862508e-6	1.9114688128772635e-8	0	15.9	87.69666990001743	163.68038311457963	25371	4554.6081076688015	14910
VZA02704D_B17	1	0.00498680473372781	8.941485864562789e-7	0	0	0.4	13.6	154.33830275229357	872	492.74871269031007	1521
VZA02704D_B17	2	0.004984535950162951	6.709193238048544e-6	5.85057949577893e-9	0	201.35	81.01255843000911	152.78713923092025	285224	79427.82397187571	242711
VZA02704D_B17	3	0.004982274647887324	9.119382964453388e-6	0	0	17.15	79.70741959511078	153.26893268379098	27096	4863.999422101024	14910
VZA02704D_B18	2	0.004986202551721707	6.4822581718926835e-6	8.615389435182901e-10	0	219.25	75.48697168074212	140.99613856102565	301701	90554.60759639063	255357
VZA02704D_B18	3	0.004990058635394456	7.96908315565032e-6	0	0	2.95	65.55714285714286	143.45054509415263	5045	980.825830307251	2814
VZA02704D_B19	2	0.004987325440544516	6.8670146800103825e-6	0	0	202.9	82.15313179917555	150.3807207022377	136478	80698.84186836072	242711
VZA02704D_B19	3	0.004984770623742455	1.0489939637826962e-5	3.018108651911469e-8	0	18.55	84.96964833567407	148.89157657307302	12857	5006.999167841596	14910
VZA02704D_B20	1	0.00501853057199211	0	0	0	0	0	164.54196157735086	989	462.19213184868374	1521
VZA02704D_B20	2	0.0049846957694967605	6.852536986673342e-6	1.5274106570835792e-9	0	191	84.42978852210081	162.9640382238314	285581	72314.42058286357	235693
VZA02704D_B20	3	0.0049797977471725645	8.921926304268515e-6	0	0	21.95	88.22751053588273	163.11570105003088	40475	6721.609219358424	21928
VZA02704D_B21	1	0.004985887573964497	0	0	0	0	0	169.15402298850574	870	449.5902530510179	1521
VZA02704D_B21	2	0.004990738429655021	6.885452245674897e-6	0	0	191.35	87.21551380064179	162.91783377186664	263758	74488.77583895066	242711
VZA02704D_B21	3	0.004991385311871228	8.91515761234071e-6	0	0	16.15	82.23518894594397	162.04471771939632	25046	4600.581928816342	14910
VZA02704D_B22	1	0.004958353673127542	3.6683417085427137e-6	0	0	2.1	62.85	163.83865615927002	4822	1275.3400503778337	4179
VZA02704D_B22	2	0.004987829400879938	7.22122730665989e-6	1.1316888768881335e-9	0	207.95	87.47083954205884	158.5967842395944	459176	79395.0524304288	251836
VZA02704D_B22	3	0.004964648225135913	9.597057882954909e-6	0	0	3.7	75.56	159.27405380756954	8772	981.6413675820526	3127
VZA02704D_B23	2	0.004979028775729137	1.0104112803019194e-5	1.4316475137183476e-8	0	455.2	57.60310666801428	110.52410756890241	287109	117233.24698118324	259142
VZA02704D_B24	2	0.004988656335136721	6.819446481079871e-6	0	0	196.4	89.9744032181847	163.9022253612581	351134	79053.83817358893	259142
VZA02704D_C01	2	0.004986534313233672	6.50101102870241e-6	0	0	255	66.02966155894272	126.20792106868309	214769	102664.71304086113	259142
VZA02704D_C02	2	0.004986418838571939	7.11195139850946e-6	0	0	216.05	83.81957553685825	161.87020688908146	110784	78707.19538111227	254807
VZA02704D_C02	3	0.004973283582089552	8.107675906183369e-6	0	0	3.6	62.60845238095238	160.23435075012932	1933	878.0888700913367	2814
VZA02704D_C03	2	0.004983516507278543	7.75289264965076e-6	0	0	253.75	74.8748595277915	137.56097670694294	111149	89089.2191475801	245104
VZA02704D_C03	3	0.0049752258179231864	9.160739687055476e-6	0	0	6.2	81.34410173160173	137.7672266861456	4107	2041.1240522436863	5624
VZA02704D_C04	1	0.004999303090072321	1.5779092702169625e-6	0	0	0.3	24	162.1899383983573	974	468.89468453469897	1521
VZA02704D_C04	2	0.004988335201123971	6.961159568375558e-6	0	0	197.35	85.61070234847467	159.89664839985252	314596	75896.21246877364	242711
VZA02704D_C04	3	0.004985773306505701	9.025821596244132e-6	0	0	15.9	85.74855474590768	159.3595104022659	29657	4678.101721812267	14910
VZA02704D_C05	2	0.004984747628713215	6.639911708638507e-6	0	0	194.45	88.54689395828635	167.70281166011992	135436	77262.27051136094	259142
VZA02704D_C06	1	0.004983449607796529	5.649512716900404e-6	0	0	5.1	90.90134920634921	159.0824203187251	8032	2644.5411074153785	8414
VZA02704D_C06	2	0.004987741162934918	7.098190971995561e-6	0	0	201.4	86.45471045215288	161.97078334811079	374444	75663.02852077268	245104
VZA02704D_C06	3	0.004982244843527738	9.054054054054054e-6	1.511379800853485e-8	0	5.9	88.00698412698412	158.77703206562268	13410	1771.0370092053352	5624
VZA02704D_C07	2	0.00498467259263261	7.100064829321376e-6	0	0	210	87.67011960725121	166.88517619540917	396747	77640.80846119174	259142
VZA02704D_C08	1	0.004983708699786071	4.60423104349893e-6	0	0	4.6	81.46448412698413	152.01757383451306	8194	2767.44319349535	8414
VZA02704D_C08	2	0.004981817534597558	7.22307673477381e-6	0	0	208.9	84.7198850833978	155.34292791444062	404117	78891.26440792906	245104
VZA02704D_C08	3	0.004978447724039829	9.371443812233285e-6	0	0	7	78.01585317460318	151.30313414721212	14007	1858.5206551399208	5624
VZA02704D_C09	2	0.0049842422108342145	7.261848716147904e-6	0	0	236.25	79.67480803642523	151.3316174987305	143759	85620.57430007114	259142
VZA02704D_C10	1	0.005004112426035503	0	0	0	0	0	163.56143667296786	529	464.96290046692246	1521
VZA02704D_C10	2	0.004981923378009238	7.401333272904813e-6	0	0	196	91.52600032792749	166.87025139664806	157520	72724.46645480255	242711
VZA02704D_C10	3	0.004986428571428571	8.726022803487593e-6	0	0	15.85	82.08728440784361	166.69074971777675	15059	4472.353752455983	14910
VZA02704D_C11	2	0.004983723011460536	7.434340678081725e-6	0	0	200.65	86.85226302821273	163.88893385582722	101309	71555.77697708618	234544
VZA02704D_C11	3	0.004988625687914374	8.77627074576418e-6	0	0	21.75	93.24857183364563	164.94016645913888	15259	6995.567088177074	23077
VZA02704D_C13	2	0.004985981273276237	6.814518497632726e-6	1.1748258320703957e-10	0	189.9	91.6823543747987	171.55319158944448	212590	74425.0216606614	255357
VZA02704D_C13	3	0.0049684186211798155	7.738095238095238e-6	0	0	2.5	76.97833333333334	171.65839375348577	3586	819.651150890155	2814
VZA02704D_C14	2	0.0049853734439033424	6.775995400205293e-6	1.7364996797122812e-10	0	199.65	88.03069216922317	165.25298387408853	361778	78407.66137011132	259142
VZA02704D_C15	1	0.004984404996712689	0	0	0	0	0	179.44729605866178	1091	423.80131476118237	1521
VZA02704D_C15	2	0.004983073161084582	7.285495919014795e-6	1.8746575144925446e-9	0	173.2	102.06107849256937	182.49283990437957	349716	66498.77335658013	242711
VZA02704D_C15	3	0.004978657612340711	9.319248826291079e-6	0	0	14.05	100.09337152097989	182.96905158069885	33055	4074.4595523642192	14910
VZA02704D_C16	1	0.00494629191321499	2.1137409598948063e-6	0	0	0.35	23.25	169.55666364460563	1103	448.52262580138057	1521
VZA02704D_C16	2	0.004985358677604229	6.712200930324542e-6	0	0	182.15	89.59290405172254	167.3400133192402	327346	72520.31214344774	242711
VZA02704D_C16	3	0.0049863983903420525	7.43158953722334e-6	0	0	12.85	85.58241606690522	164.1483617300131	30520	4541.623152024988	14910
VZA02704D_C17	2	0.00498634148459146	7.125166896913662e-6	3.2221716279105665e-9	0	207.25	89.19667535158479	164.927680267032	464963	78562.31276048598	259142
VZA02704D_C18	1	0.0049982840236686395	8.185404339250492e-7	0	0	0.15	12.45	178.29890453834116	1278	426.5309436247619	1521
VZA02704D_C18	2	0.004981460090395573	6.801999085331938e-6	0	0	177.7	92.96175754801894	170.44773910580145	409484	71198.06964683258	242711
VZA02704D_C18	3	0.004966748490945674	9.53588195841717e-6	4.862508383635144e-8	0	15.95	89.13397100341179	171.16069907323748	38737	4355.555942670052	14910
VZA02704D_C19	1	0.004957399737015121	2.613412228796844e-6	0	0	0.15	39.75	165.07698744769874	1195	460.69413535969016	1521
VZA02704D_C19	2	0.004983491765927378	7.5942581918413256e-6	4.202528933587683e-9	0	205.85	89.66301345202149	160.81856513184013	345077	75461.12595925225	242711
VZA02704D_C19	3	0.004978147551978538	8.916163648558015e-6	0	0	16	83.26939501868101	160.6342701498081	32308	4640.97729148795	14910
VZA02704D_C20	1	0.005012554240631164	0	0	0	0	0	170.13345356176737	1109	447.0020352134324	1521
VZA02704D_C20	2	0.0049842281767204615	6.840295660270857e-6	1.5656480340816857e-9	0	186.45	89.00904932605022	163.90085389124934	363161	74042.0181584418	242711
VZA02704D_C20	3	0.004977529845741113	8.403085177733065e-6	0	0	14.4	87.08928584788104	163.97342898134863	34850	4546.468318868893	14910
VZA02704D_C21	2	0.004985413113273804	7.425542752622115e-6	0	0	189.3	101.53520810399145	186.67018216682646	351491	69411.72848066482	259142
VZA02704D_C22	1	0.004992057856673241	7.560815253122945e-7	0	0	0.25	11.5	178.69904761904763	1050	425.57585512220595	1521
VZA02704D_C22	2	0.004984283686829902	7.038329521878036e-6	0	0	180.25	92.02596382971177	173.36583697374107	333296	67975.6185284934	235693
VZA02704D_C22	3	0.00497195822692448	1.0547701568770522e-5	1.2085005472455308e-8	0	24.35	94.80928825673617	174.4628762541806	47840	6284.431528015275	21928
VZA02704D_C23	1	0.004992748191978961	0	0	0	0	0	179.76552795031057	644	423.0510758493206	1521
VZA02704D_C23	2	0.004985562659900803	6.6218979774537215e-6	0	0	173.85	89.74882461817181	172.10000590586057	203188	68475.59323412373	235693
VZA02704D_C23	3	0.004980388088288946	8.835507114191901e-6	6.840569135352061e-9	0	19.8	98.82524409220498	171.85822713312388	28327	6379.677122764177	21928
VZA02704D_C24	2	0.0049865610167398565	6.753208665519291e-6	0	0	186.4	93.90831467435864	175.47972244812928	249611	73838.161009344185	259142
VZA02704D_D01	3	0.004978683997408488	7.227891156462585e-6	0	0	6.6	69.15428571428572	140.8931323283082	2985	2191.0223365654856	6174
VZA02704D_D02	2	0.0049859323781359655	7.458728091203388e-6	6.4278531818933945e-9	0	221.45	79.513469755687	147.10460168881326	122216	80110.68222685094	235693
VZA02704D_D02	3	0.004979764912440715	8.103794235680408e-6	0	0	24.95	71.06320597749655	145.86619058768437	17084	7516.477914331507	21928
VZA02704D_D03	3	0.0049843672032193155	9.357813547954393e-6	0	0	27.05	51.52782340217008	106.25433087916848	9236	7016.184600021398	14910
VZA02704D_D04	1	0.004979295654945289	9.172421119728036e-6	1.1154785934346117e-8	0	15.15	57.37363550149541	116.78260157273918	12208	4030.137997112961	9413
VZA02704D_D04	2	0.004982054156605726	1.0364578675490485e-5	1.0369688994502149e-8	0	407.45	59.75758827781447	115.14222613757609	489242	101969.10719766255	234819
VZA02704D_D04	3	0.004979391012743126	1.1386988598256205e-5	1.006036217303823e-9	0	28.55	59.42460874966892	115.05275467246955	49171	6479.6362514072625	14910
VZA02704D_D06	2	0.00498751263785878	6.7673707851293885e-6	1.9294440885692015e-10	0	221.75	79.13352546382211	153.45052036314704	293545	84438.29300374143	259142
VZA02704D_D07	2	0.004986736383913067	6.6494624568769245e-6	0	0	224.9	76.6917946049864	149.80900974746174	236677	86490.79265554344	259142
VZA02704D_D09	2	0.004985513251422	7.235164504402992e-6	0	0	226.2	82.878205560123	151.82297396406307	174528	85343.47379512525	259142
VZA02704D_D10	1	0.004995818129988597	0	0	0	0	0	150.4327868852459	610	582.9846127021491	1754
VZA02704D_D10	2	0.00498668325640667	6.7830473837164126e-6	1.2646277215721013e-8	0	235.25	74.38399788601032	140.20964634389858	185293	91786.83732240958	257388
VZA02704D_D11	2	0.0049879366379145754	6.497817075602584e-6	0	0	168.5	90.91769771779518	169.60490315699315	123757	69482.95586178692	235693
VZA02704D_D11	3	0.004981588380153229	8.380153228748631e-6	0	0	20.45	90.13066048156686	170.06264795888907	17319	6447.03591975731	21928
VZA02704D_D12	1	0.00499931295200526	0	0	0	0	0	175.99771167048056	437	432.1078909388774	1521
VZA02704D_D12	2	0.004986049087185995	7.102994919884142e-6	0	0	192.3	89.58286528290355	168.47122038884902	137997	72033.37146837242	242711
VZA02704D_D12	3	0.004991616364855802	9.299463447350771e-6	1.710261569416499e-7	0	16.75	84.7065501676686	167.86357595184114	12791	4441.106391143952	14910
VZA02704D_D13	1	0.005009451019066404	2.1696252465483236e-6	0	0	0.2	33	164.60342857142857	875	462.01953786763687	1521
VZA02704D_D13	2	0.004985668820119402	6.762899085743951e-6	0	0	185.95	88.19739820368518	167.55568682084146	269175	72426.9658061556	242711
VZA02704D_D13	3	0.00496774245472837	7.724010731052985e-6	0	0	12.95	89.0403222946644	168.10669639302492	25118	4434.683543224589	14910
VZA02704D_D14	1	0.004947475345167653	0	0	0	0	0	179.88497217068647	1078	422.7701685265785	1521
VZA02704D_D14	2	0.0049863671609444975	6.947542550605453e-6	0	0	180.35	93.67511004227411	173.8703604673029	340336	69796.54247787762	242711
VZA02704D_D14	3	0.004975831656606305	9.777665995975855e-6	0	0	15.4	94.36888755293555	172.7720701226205	31887	4314.933539147275	14910
VZA02704D_D15	1	0.004962018408941486	0	0	0	0	0	163.22538860103626	1158	465.9201650662646	1521
VZA02704D_D15	2	0.004987819340697372	7.078068155130999e-6	2.966491011944246e-9	0	187.45	91.61876585755546	167.40458418350508	348459	72492.3397957686	242711
VZA02704D_D15	3	0.004980716633132126	9.424547283702213e-6	0	0	15.6	89.09414402483482	165.91944266983054	32871	4493.144311504825	14910
VZA02704D_D16	1	0.0049677481919789615	0	0	0	0	0	180.84549356223175	932	420.5247169945654	1521
VZA02704D_D16	2	0.00498657528912987	6.488210258290724e-6	0	0	172.2	91.4194055121113	177.69809144937108	310445	68293.08013956697	242711
VZA02704D_D16	3	0.004971120724346076	1.0233735747820255e-5	0	0	15.6	96.61588651676206	177.17783153877608	29348	4207.63700247028	14910
VZA02704D_D17	1	0.004975986193293886	4.733727810650887e-7	0	0	0.1	7.2	167.57012393998696	1533	453.8398505167682	1521
VZA02704D_D17	2	0.004984859318283885	6.74829323763653e-6	0	0	190.9	85.76195397399874	161.93620196152713	475140	74940.31509324376	242711
VZA02704D_D17	3	0.0049900774647887326	7.139503688799463e-6	0	0	13.15	82.50296353156646	161.5807714945443	44174	4613.79156136268	14910
VZA02704D_D18	1	0.004974523339907955	5.259697567389876e-8	0	0	0.05	0.8	179.2158753709199	1348	424.3485675730494	1521
VZA02704D_D18	2	0.004986970512255316	6.6332181071315264e-6	6.592202248764992e-10	0	180.15	89.38984602347253	171.6978495421274	417911	70679.68546118832	242711
VZA02704D_D18	3	0.0049854188464118045	8.763581488933602e-6	0	0	14.6	89.74584175628293	171.7468002225932	39534	4340.692222701043	14910
VZA02704D_D19	1	0.005001531886916502	0	0	0	0	0	157.75557917109458	941	482.0748679672343	1521
VZA02704D_D19	2	0.004986723057463403	6.7948506660184335e-6	8.240252810956239e-10	0	203.85	80.87176740836553	152.3521649537728	310099	79654.59502122735	242711
VZA02704D_D19	3	0.004991730717639168	8.35814889336016e-6	0	0	15.15	82.63616725186579	151.3958745987296	29282	4924.176447845269	14910
VZA02704D_D20	1	0.004981712689020382	3.869165023011177e-6	0	0	0.2	44.625	176.2535446205171	1199	431.4806840551181	1521
VZA02704D_D20	2	0.004988114362348637	6.7757744807610694e-6	4.5321390460259323e-10	0	176.05	93.40903453789575	173.24444383463907	364415	70048.71112393838	242711
VZA02704D_D20	3	0.004987283366867874	9.621395036887994e-6	0	0	14.7	97.61352265218441	171.3324227717881	34411	4351.190439844498	14910
VZA02704D_D21	1	0.005003208415516108	0	0	0	0	0	166.3373015873016	756	457.20352124436386	1521
VZA02704D_D21	2	0.004985888825718201	7.088267364749908e-6	0	0	188.85	88.37186808175242	165.2155005528214	250533	71328.96102706964	235693
VZA02704D_D21	3	0.004999063982123313	8.447190806275083e-6	0	0	21.2	87.76742495736691	166.68689244721554	35285	6577.601777219496	21928
VZA02704D_D22	1	0.0049762952005259695	0	0	0	0	0	164.32805429864254	884	462.7937714262112	1521
VZA02704D_D22	2	0.004982696388946638	6.777036229332225e-6	6.3642110711815794e-9	0	178.55	89.69896167218555	168.75515573718758	253504	69832.82939427898	235693
VZA02704D_D22	3	0.004985238963881795	8.085324699014959e-6	0	0	20.45	85.92455242081792	169.10388964144528	36173	6483.588297848862	21928
VZA02704D_D23	1	0.004990558842866535	1.7094017094017095e-6	0	0	0.4	26	176.68759124087592	685	430.420718658856	1521
VZA02704D_D23	2	0.00498508586343429	6.9034365974348095e-6	0	0	185.2	90.54283025796762	172.01196448644822	192152	70550.61568671338	242711
VZA02704D_D23	3	0.004982405767940979	7.882293762575453e-6	0	0	12.95	91.414403998779	171.7352179542512	18536	4340.984970238282	14910
VZA02704D_D24	2	0.004982314541834207	7.208885475916679e-6	0	0	180.8	103.33655190852397	191.13679885232813	308102	67789.66728437587	259142
VZA02704D_E01	2	0.004987780772703769	6.891897106605645e-6	4.707843576108851e-9	0	235.75	75.76726520853812	139.64168966805877	152527	92788.1926292945	259142
VZA02704D_E02	1	0.004987731755424063	0	0	0	0	0	161.87864077669903	618	469.79638348277206	1521
VZA02704D_E02	2	0.004990576858898031	7.022116838544607e-6	0	0	196.5	86.70479124006866	156.15201701315576	197024	77716.25517317258	242711
VZA02704D_E02	3	0.004975924547283702	8.472501676727029e-6	0	0	15.15	82.17925497807632	158.28240333919157	18208	4709.936065365582	14910
VZA02704D_E03	3	0.004990189805499664	9.13044936284373e-6	0	0	18.7	73.33769759054454	138.3491023456952	7631	5388.542371147496	14910
VZA02704D_E04	1	0.004990502958579881	0	0	0	0	0	162.98666666666668	1200	466.602585078534	1521
VZA02704D_E04	2	0.004983379492482829	7.0934774278874876e-6	4.5321390460259323e-10	0	199	86.57338907623925	162.0348814989927	366326	74894.67630508584	242711
VZA02704D_E04	3	0.00499164185110664	9.510395707578806e-6	0	0	16.3	86.50758432315094	162.2276541195665	34324	4595.394071657751	14910
VZA02704D_E05	2	0.004985360284453527	7.620420994516112e-6	0	0	211.85	87.31266175410553	162.9205255323887	85323	74487.545141066	242711
VZA02704D_E05	3	0.004990585848423877	9.216968477531857e-6	0	0	16.7	81.79581823813442	162.4761268375653	8231	4588.366392715097	14910
VZA02704D_E06	1	0.0049974490466798156	0	0	0	0	0	152.25418994413408	716	499.49364301832793	1521
VZA02704D_E06	2	0.004984444606960542	7.177363201503022e-6	0	0	208.35	83.55206816166192	153.2390820354045	211555	79193.57019638235	242711
VZA02704D_E06	3	0.004987493963782696	8.190140845070422e-6	0	0	14.9	81.93095192158651	153.31794433839045	19906	4862.444531310668	14910
VZA02704D_E07	2	0.004986768779279314	7.144364865594925e-6	0	0	222.95	83.03167169135922	155.22567639652158	241833	83472.65929704368	259142
VZA02704D_E08	1	0.005006443129520053	0	0	0	0	0	164.30583657587547	1285	462.8563512099009	1521
VZA02704D_E08	2	0.0049873823188895435	6.857414785485619e-6	1.2772391856982172e-9	0	188.25	88.39629998106544	166.71852419445526	382381	72790.65154058991	242711
VZA02704D_E08	3	0.004977939302481556	9.929912810194501e-6	0	0	15.4	95.9238987226305	167.02539566730272	35636	4463.393108704013	14910
VZA02704D_E09	2	0.004987417047506041	6.579788296385061e-6	0	0	198.5	84.64499252517967	157.83051415173338	113449	80895.95392007266	255357
VZA02704D_E09	3	0.004998125444207534	9.305259417199715e-6	0	0	2.9	91.88666666666667	157.8435725348477	1937	891.3888461878113	2814
VZA02704D_E10	1	0.004970687047994741	0	0	0	0	0	143.2881536819637	937	530.7486909824894	1521
VZA02704D_E10	2	0.004986430632220728	6.986779412201465e-6	3.118463424878974e-9	0	208.15	79.10648037821454	145.36691023932963	269461	81068.31176777405	235693
VZA02704D_E10	3	0.004974514091572419	9.86318861729296e-6	3.5342940532652316e-8	0	27.4	79.43043761809322	145.88503611430963	38212	7515.506930682768	21928
VZA02704D_E12	1	0.005033796844181459	0	0	0	0	0	169.19722650231125	649	449.4754528317351	1521
VZA02704D_E12	2	0.004985219767542468	7.146379850933827e-6	0	0	185.9	93.31213420592242	168.9058797259675	210486	71848.00209257775	242711
VZA02704D_E12	3	0.004980363514419852	7.919181757209926e-6	0	0	14	84.44824357015534	168.21907123301824	19359	4431.721055975444	14910
VZA02704D_E13	1	0.004994345825115056	4.3392504930966467e-7	0	0	0.15	6.6	184.69662921348313	979	411.75629638642175	1521
VZA02704D_E13	2	0.004983340598489562	6.949767418864411e-6	0	0	176.15	95.7707133686604	176.5467082010816	305289	68738.46657156563	242711
VZA02704D_E13	3	0.0049857290409121395	8.845741113346747e-6	0	0	14.3	93.32100597881053	175.59212998399553	28742	4245.634471590208	14910
VZA02704D_E14	2	0.004984647702803868	6.72727693696892e-6	0	0	191.2	91.09956625776844	172.2103031497531	375458	75239.98136588019	259142
VZA02704D_E15	1	0.004931097961867192	5.3385930309007225e-6	0	0	0.5	66.825	192.17363636363638	1100	395.7358638731072	1521
VZA02704D_E15	2	0.004982431719205145	6.772251772684386e-6	0	0	167.3	98.14927616739521	187.65093473695129	385670	64670.87423258291	242711
VZA02704D_E15	3	0.004984773977196513	9.138162307176391e-6	0	0	13.7	99.62205949752003	189.24252130951734	36838	3939.3894926008234	14910
VZA02704D_E16	1	0.005015641025641025	8.21827744904668e-7	0	0	0.25	12.5	190.56656346749227	1292	399.0731564667847	1521
VZA02704D_E16	2	0.0049841280576488085	6.744131909966997e-6	3.708113764930308e-10	0	172.75	94.72094619655411	182.24250079330452	403376	66590.1200168663	242711
VZA02704D_E16	3	0.004988153588195841	8.721327967806841e-6	0	0	14.05	92.68435248574954	181.2029231995748	37630	4114.172038929609	14910
VZA02704D_E18	1	0.004996104536489152	2.222222222222222e-6	0	0	0.3	27.3	174.0036563071298	1641	437.0597814666947	1521
VZA02704D_E18	2	0.004986345283073285	6.818294185265604e-6	3.1518967001907615e-9	0	173.7	95.39452899370079	176.4426606644702	502927	68779.00137244815	242711
VZA02704D_E18	3	0.00499756740442656	9.361837692823608e-6	0	0	14.9	93.10400004622142	175.34625921128077	47089	4251.58770625224	14910
VZA02704D_E19	1	0.004984552925706772	0	0	0	0	0	147.93614457831325	830	514.073151066481	1521
VZA02704D_E19	2	0.004983928293320039	7.004420895633078e-6	7.828240170408428e-10	0	206.35	82.43028142204213	151.9325359900415	241803	79874.59645112112	242711
VZA02704D_E19	3	0.0049773635144198525	8.652582159624413e-6	0	0	15.35	84.21040967741558	151.87806485631427	22758	4908.5429203044405	14910
VZA02704D_E21	2	0.00498494576220742	7.464471308795138e-6	2.447553816813324e-9	0	226.25	84.37251057502307	157.2723446785786	204109	81183.05876404382	255357
VZA02704D_E21	3	0.004960767590618337	9.436744847192609e-6	0	0	3.2	79.40916666666666	159.6725584182145	3338	881.1783401846575	2814
VZA02704D_E22	1	0.0049804207758053914	2.3865877712031557e-6	0	0	0.4	32.1	167.68028004667445	857	453.5417043604125	1521
VZA02704D_E22	2	0.004989805406429869	6.45327158637227e-6	0	0	177.6	88.1849096168008	170.50354943368367	257365	71174.76463280343	242711
VZA02704D_E22	3	0.004975286384976526	7.459423205902079e-6	0	0	12.75	87.17789623366829	168.60514968584454	24351	4421.573133377369	14910
VZA02704D_E23	1	0.00499276134122288	0	0	0	0	0	165.9128834355828	815	458.373083664278	1521
VZA02704D_E23	2	0.00498712235951399	6.812917420306455e-6	0	0	194.65	84.93397931856748	162.51643901988834	260052	74672.7535576563	242711
VZA02704D_E23	3	0.0049755090543259555	8.701207243460764e-6	0	0	14.5	90.22289314508161	161.96149916213676	24467	4602.945785613489	14910
VZA02704D_E24	2	0.0049885015744263765	7.091170092073072e-6	0	0	194.65	94.4527063327902	176.19574865685587	312513	73538.09668378643	259142
VZA02704D_F06	2	0.004986285273432188	7.05406841881909e-6	0	0	171.35	99.94897294294887	188.11275766016712	89750	64512.105138149826	242711
VZA02704D_F06	3	0.004979773977196513	1.1912810194500335e-5	0	0	15.5	114.73936936090226	187.48735145311213	8499	3976.2682347477653	14910
VZA02704D_F13	2	0.004983419375306435	7.94230586994409e-6	0	0	191.9	100.42646980731192	180.1222342960981	109511	67373.96994560203	242711
VZA02704D_F13	3	0.004974372568745809	1.0467471495640509e-5	0	0	15.3	101.62044151776156	179.11965227583514	10238	4162.022371794067	14910
VZA02704D_F16	3	0.004981131430134987	8.970722364100692e-6	0	0	14.3	137.8330504155717	256.7011164274322	6270	4271.115043280091	21928
VZA02704D_F19	1	0.0049940992767915846	0	0	0	0	0	158.13909224011712	683	480.9057578535122	1521
VZA02704D_F19	2	0.004984698612753439	7.564737486146075e-6	0	0	209.25	87.72105671309944	162.4037168204007	198503	74724.58289498684	242711
VZA02704D_F19	3	0.004988090878604963	9.167002012072435e-6	6.639839034205231e-8	0	15.8	86.8807272803306	161.96351111350305	18581	4602.888606666214	14910
VZA02704D_F23	2	0.004984572124872791	7.721899707883037e-6	0	0	172.95	108.37207303971331	202.6761944115929	70181	59876.543642591	242711
VZA02704D_F23	3	0.0049735523138833	1.1763581488933602e-5	0	0	16	109.16626467894851	204.74170403587445	6690	3641.1731723663634	14910
VZA02704D_G01	2	0.004988905040479737	6.323058400413673e-6	0	0	230.9	70.96943840252901	146.80590187996552	117183	88260.07561054495	259142
VZA02704D_G02	1	0.004986686390532544	0	0	0	0	0	165.1437246963563	494	460.50796141258377	1521
VZA02704D_G02	2	0.0049878872815817986	6.384280069712539e-6	1.9364594105747166e-9	0	186.7	83.10681705454954	161.7164252066483	157514	75042.16089672194	242711
VZA02704D_G02	3	0.0049993215962441315	1.0216297786720321e-5	3.252850435949027e-8	0	18.1	84.49527851448516	160.5334179074581	14977	4643.8929022850225	14910
VZA02704D_G03	2	0.004985257194897006	7.079304010928371e-6	3.0871105417107223e-10	0	195.95	93.60335140064218	172.76468652897094	136775	74998.54432246616	259142
VZA02704D_G04	2	0.004989844641161988	6.526846285048352e-6	1.871560765912125e-9	0	186.55	90.6669397314549	173.01435729211136	356056	74890.31663495814	259142
VZA02704D_G05	2	0.004986835475112377	6.992987544857876e-6	0	0	198.85	85.36243228264259	149.67493778286482	95231	81079.37227009363	242711
VZA02704D_G05	3	0.004981256218905473	5.822672352523099e-6	0	0	2.5	64.95416666666667	145.41686746987952	1660	967.5631338238218	2814
VZA02704D_G05	4	0.004987356150793651	1.1422784391534391e-5	0	0	15.8	86.53132881589664	149.3159258107968	9651	4050.4721563750822	12096
VZA02704D_G06	2	0.004984888806137176	6.52568861859521e-6	0	0	187.25	90.27826990314176	172.1923958775178	348916	75247.80600193585	259142
VZA02704D_G07	1	0.005013892176199869	0	0	0	0	0	159.05555555555554	720	478.1348236115963	1521
VZA02704D_G07	2	0.004985576076074014	6.559014630568866e-6	0	0	188.25	84.62448751957075	164.24133513919259	245128	73888.52501543089	242711
VZA02704D_G07	3	0.004988165325285044	1.0249832327297116e-5	0	0	18.3	83.93831391969744	165.47167181988416	22963	4505.302882365729	14910
VZA02704D_G08	1	0.005003981260647359	6.678023850085179e-7	0	0	0.55	16.3	185.6953125	2048	790.273044722117	2935
VZA02704D_G08	2	0.004984909074708761	7.178477146421215e-6	0	0	174.65	99.1509232129947	185.6403073638308	265093	64990.4655477351	241297
VZA02704D_G08	3	0.004971724010731053	8.282025486250839e-6	1.1737089201877935e-8	0	13.2	92.33460399078047	186.1117651645096	25652	4005.6575646414985	14910
VZA02704D_G09	1	0.0049939579224194605	2.268244575936884e-6	0	0	0.75	34.5	178.85473684210527	475	425.205400442582	1521
VZA02704D_G09	2	0.004985798521698646	6.7693882848325785e-6	8.652265451504051e-10	0	188.5	87.21341719066533	171.5428117290832	139039	70743.56469780627	242711
VZA02704D_G09	3	0.004974458081824279	9.70992622401073e-6	0	0	16.15	89.236515393423	171.03966049382717	12960	4358.63821202396	14910
VZA02704D_G10	1	0.004999819197896121	0	0	0	0	0	180.47231833910035	578	421.39426533605587	1521
VZA02704D_G10	2	0.0049868615555125236	7.043253087004709e-6	9.888303373147489e-10	0	178.9	95.55952590591885	176.59698371182543	183139	68718.89737257936	242711
VZA02704D_G10	3	0.0049898732394366195	7.78336686787391e-6	0	0	12.7	92.43988442113442	175.5858877964141	17290	4245.785406537808	14910
VZA02704D_G11	2	0.0049861172958786375	7.316232061999662e-6	0	0	192.6	92.20901396398733	169.7701265206274	90341	71482.2463098389	242711
VZA02704D_G11	3	0.004978019114688129	1.041046277665996e-5	0	0	16.6	93.49154004664067	169.4192568357093	8558	4400.326231645159	14910
VZA02704D_G12	1	0.005006909927679159	0	0	0	0	0	177.19182389937106	636	429.1958755568176	1521
VZA02704D_G12	2	0.004984584299846319	6.756945503088035e-6	0	0	176.45	92.78273621777059	175.08578370093377	183986	69312.0237604721	242711
VZA02704D_G12	3	0.004972864855801475	1.1144533869885983e-5	2.5486250838363513e-8	0	15.85	106.41520169953026	175.97749117897555	16438	4236.337244072875	14910
VZA02704D_G13	1	0.004993228139381986	3.7212360289283365e-6	0	0	0.35	56.6	180.07533632286996	1115	422.32324288787953	1521
VZA02704D_G13	2	0.004984191363391029	6.752001351401461e-6	0	0	170.7	95.9027803070197	178.48474608205723	329063	67992.08484976501	242711
VZA02704D_G13	3	0.004978155600268277	1.0129778672032194e-5	0	0	15.05	98.33775360980646	178.51988816876352	31476	4176.00530477166	14910
VZA02704D_G14	1	0.004987428096030425	2.381744711195626e-6	0	0	3.25	65.52166666666666	176.3	6390	2386.273397617697	8414
VZA02704D_G14	2	0.0049871713435929235	7.10280125987336e-6	0	0	177.6	97.99193340579666	179.56627655135415	301962	68248.89525676129	245104
VZA02704D_G14	3	0.004991121977240398	9.420341394025604e-6	0	0	5.25	101.02083333333333	178.8083815568415	10714	1572.6332152422572	5624
VZA02704D_G15	1	0.004969894806048652	0	0	0	0	0	201.77343223196223	1483	376.9078969354677	1521
VZA02704D_G15	2	0.0049859983478293115	7.0732888085006445e-6	0	0	162.3	105.67550110885739	196.43351275938264	470203	61779.427703180176	242711
VZA02704D_G15	3	0.004969186787391013	9.665660630449362e-6	0	0	13.6	103.97599669937905	196.81518030910132	43675	3787.817580072739	14910
VZA02704D_G16	1	0.004981857330703485	1.1176857330703483e-6	0	0	0.1	17	190.28999144568007	1169	399.653178930901	1521
VZA02704D_G16	2	0.0049871694113575405	6.341801566472059e-6	0	0	158.55	97.01614622143575	185.72471731918287	349953	65341.59898137888	242711
VZA02704D_G16	3	0.0049729604292421195	9.251173708920188e-6	0	0	14.45	95.31597206006069	187.2515812532782	32411	3981.2747909008567	14910
VZA02704D_G17	1	0.004952403024326101	0	0	0	0	0	179.78303571428572	1120	423.0098779779198	1521
VZA02704D_G17	2	0.004983736110023855	6.558994029936838e-6	0	0	171.35	92.923463990173	177.0269658016946	361977	68551.9855409725	242711
VZA02704D_G17	3	0.004970830315224681	8.51274312541918e-6	0	0	14	90.82245856676003	176.49670869781457	34181	4223.874799140835	14910
VZA02704D_G18	1	0.005021328073635766	2.2222222222222225e-6	0	0	0.1	33.8	196.17966493356442	1731	387.6548572236275	1521
VZA02704D_G18	2	0.0049877146754464495	6.854531106142312e-6	2.0365475427781053e-9	0	151.2	106.87158783020955	193.24074146585951	510772	60984.29301505259	235693
VZA02704D_G18	3	0.004975756794965341	8.791955490696825e-6	3.602699744618752e-8	0	19.25	100.52381003323302	194.19924116865505	73007	5645.748116223668	21928
VZA02704D_G19	1	0.004995447074293228	0	0	0	0	0	154.06998444790045	643	493.60685192849286	1521
VZA02704D_G19	2	0.004989090482095991	6.4806704269687e-6	0	0	203.05	77.45488277307325	152.41243623258293	197005	79623.0957261324	242711
VZA02704D_G19	3	0.004983642186452046	7.933601609657948e-6	0	0	16.45	71.28764192957885	150.49239815648673	18877	4953.738588342553	14910
VZA02704D_G20	1	0.00496069033530572	0	0	0	0	0	202.89467658843733	1747	374.82501403555295	1521
VZA02704D_G20	2	0.004988277807763142	6.714528801743638e-6	0	0	158.8	102.57276246111394	194.38920864597696	558410	62429.134232967386	242711
VZA02704D_G20	3	0.004975131790744467	9.54896042924212e-6	0	0	13.85	101.21377319081847	194.11965990396843	52691	3840.41472341751	14910
VZA02704D_G21	1	0.005003941485864563	0	0	0	0	0	180.96120689655172	1160	420.2558178310269	1521
VZA02704D_G21	2	0.004986106562949351	7.059939598946895e-6	0	0	178.4	95.99555224567226	175.75978361810132	351046	69046.22747128924	242711
VZA02704D_G21	3	0.004973518779342723	8.675385647216634e-6	0	0	13.7	94.94543551610367	174.67632879353982	33188	4267.893681697135	14910
VZA02704D_G22	2	0.00498401275469245	6.985847264809659e-6	0	0	191.65	93.05065965033275	172.42250834915853	244336	74049.78689989177	255357
VZA02704D_G22	3	0.00497202380952381	1.0698294243070362e-5	0	0	3.25	76.00035714285714	176.3216898749115	4237	797.9732958538299	2814
VZA02704D_G23	1	0.004930825115055884	0	0	0	0	0	173.96134020618555	776	437.1660962709454	1521
VZA02704D_G23	2	0.004988853101013139	7.0508341195907895e-6	0	0	183.8	93.0042839412404	174.35965000756468	237948	69600.67882376166	242711
VZA02704D_G23	3	0.004974152582159624	9.800804828973843e-6	2.04560697518444e-8	0	15.55	93.51273646503135	174.3542900735954	22284	4275.776636670784	14910
VZA02704D_G24	2	0.004982733076845899	7.2293954665781695e-6	0	0	191.95	97.62501242308774	175.72854349806337	270058	73733.61061370655	259142
VZA02704D_H02	2	0.00498396828765696	6.232258761605606e-6	0	0	206	78.44976088714671	150.573711234048	140813	86051.54175857303	259142
VZA02704D_H03	3	0.004984689805499665	1.0130114017437962e-5	0	0	21	72.02546337159323	133.53092979127135	7905	5582.976177619126	14910
VZA02704D_H04	1	0.0049850953320184094	0	0	0	0	0	198.58726415094338	1272	382.95507179249654	1521
VZA02704D_H04	2	0.004988259535002534	6.706597558413092e-6	0	0	163.05	99.72215945283632	188.91669525782345	387649	64237.57298653805	242711
VZA02704D_H04	3	0.004990991951710262	9.443661971830986e-6	0	0	14.6	95.52518127984847	189.29790286975717	36240	3938.236973036765	14910
VZA02704D_H05	2	0.004986765350560955	6.60563386084685e-6	0	0	183.65	87.2612306729496	173.4153664002706	94596	69979.66934480994	242711
VZA02704D_H05	3	0.004987400737759893	6.178403755868544e-6	0	0	11.9	79.07440112175406	175.48995225935383	9007	4248.106460808864	14910
VZA02704D_H06	1	0.004922278106508876	0	0	0	0	0	187.5042668735454	1289	405.5907701091881	1521
VZA02704D_H06	2	0.004982351747551615	6.682474218309018e-6	0	0	164.8	98.35213574905947	187.31350715309645	381583	64787.37270175227	242711
VZA02704D_H06	3	0.004984548625083836	8.924211938296445e-6	6.170355466130114e-8	0	14.25	92.60801726956618	186.55430164271604	36951	3996.1555077285875	14910
VZA02704D_H07	2	0.004987850136218753	6.674931118846038e-6	0	0	195.4	88.47619809031363	168.67139202024208	211836	76818.5988436322	259142
VZA02704D_H08	1	0.004991771452341336	3.4169241739957213e-6	0	0	3.9	70.58708333333334	172.7416041734594	6134	2435.429507633563	8414
VZA02704D_H08	2	0.0049858711200143615	6.68442783471506e-6	0	0	178.25	91.96052128572724	176.33830927384076	292608	69498.22786929726	245104
VZA02704D_H08	3	0.004993397048364154	8.498399715504979e-6	0	0	4.75	99.59470238095238	172.45709009621928	10289	1630.550531979344	5624
VZA02704D_H09	2	0.004985680498282796	7.016177351707609e-6	0	0	201.75	88.85192097419556	167.46476588820627	191746	76242.0078771876	255357
VZA02704D_H09	3	0.004972553304904051	1.3200071073205402e-5	0	0	3.7	96.7929761904762	170.85946791862284	3195	823.4837771297098	2814
VZA02704D_H10	2	0.004984552079554839	6.814989465235276e-6	5.633976738622068e-9	0	183.8	96.18593125269327	182.22596577040383	210169	71104.57582277455	259142
VZA02704D_H11	2	0.004986962395606297	6.623906621455146e-6	0	0	171.05	93.99177708356896	172.41675001315997	94985	70384.98289217107	242711
VZA02704D_H11	3	0.004970048960429242	1.1675050301810866e-5	6.036217303822938e-8	0	15.05	115.12354943667444	172.4401671799384	9092	4323.238675720392	14910
VZA02704D_H12	1	0.004975664036817883	0	0	0	0	0	178.13525498891352	451	426.92278967873636	1521
VZA02704D_H12	2	0.004986574629909646	6.689519634462385e-6	0	0	182.65	88.87119918739562	174.02984916784538	151294	69732.57781942745	242711
VZA02704D_H12	3	0.004984223675385647	8.854460093896714e-6	0	0	14.75	90.24188014470909	173.2268560632566	14291	4303.605208465878	14910
VZA02704D_H13	1	0.004977370151216305	0	0	0	0	0	181.4150360453141	971	419.2045028781634	1521
VZA02704D_H13	2	0.0049873903943372985	6.650151826658042e-6	0	0	173.05	93.37113235081542	178.50648615360166	302028	67983.80418265348	242711
VZA02704D_H13	3	0.004980531857813548	8.3316566063044945e-06	0	0	12.1	99.31849234099234	177.4642529141646	28310	4200.846016919144	14910
VZA02704D_H14	2	0.004985431346520441	6.758784758935255e-6	0	0	184.2	95.08866230124127	184.30631590756113	338732	70301.98577947072	259142
VZA02704D_H15	2	0.004988962692269104	7.013162667572219e-6	0	0	178.9	101.61892792421274	191.1022352698805	407736	67801.92801879885	259142
VZA02704D_H16	1	0.004962380013149244	0	0	0	0	0	180.33791748526522	1527	421.70831880773926	1521
VZA02704D_H16	2	0.004985041469072271	7.036434277803643e-6	0	0	179.95	94.74937004458606	178.85742738698312	456392	67850.41123141638	242711
VZA02704D_H16	3	0.004979168008048289	8.396378269617707e-6	1.676727028839705e-8	0	14.3	89.36268905608496	178.74826959781083	43487	4170.669745096823	14910
VZA02704D_H17	1	0.004989667981591058	0	0	0	0	0	206.46813977389516	1946	368.3377013193558	1521
VZA02704D_H17	2	0.00498454071610103	6.82489509658751e-6	1.5061966201796403e-9	0	148.2	108.5147359780585	201.89360215907286	566910	58370.596561622704	235693
VZA02704D_H17	3	0.004970670147756293	9.065806275082086e-6	0	0	18.5	109.44259376510816	202.13392301592143	81965	5424.126656432825	21928
VZA02704D_H18	1	0.004937024983563445	2.613412228796844e-6	0	0	0.15	39.75	186.58055067369654	1707	407.5987541327439	1521
VZA02704D_H18	2	0.004987082353086592	6.869115944477176e-6	0	0	171.2	97.32309294917367	180.33370687674747	535413	67294.96226844755	242711
VZA02704D_H18	3	0.004985480885311871	8.442655935613683e-6	0	0	14.15	87.28170635629421	179.47283197560094	49838	4153.832041282714	14910
VZA02704D_H19	1	0.0050112721893491126	0	0	0	0	0	173.18912529550826	846	439.11533053959243	1521
VZA02704D_H19	2	0.004985435765169275	6.809065102117333e-6	0	0	174.95	94.437840790404	174.3710546842658	229481	69596.12661616274	242711
VZA02704D_H19	3	0.004977539235412475	8.820254862508383e-6	0	0	13.55	97.01992918759946	174.6877890841813	21620	4267.613689018336	14910
VZA02704D_H20	1	0.004997445759368837	1.9460880999342536e-6	0	0	0.25	25.05	202.13542249580303	1787	376.23291880758325	1521
VZA02704D_H20	2	0.004983930579990194	7.191763043290168e-6	0	0	162.3	107.65179811216008	201.6011958220481	565636	60195.823494578675	242711
VZA02704D_H20	3	0.0049877870556673375	1.011871227364185e-5	0	0	14.1	106.08539998894294	201.63292004656407	54119	3697.312918088168	14910
VZA02704D_H21	2	0.0049870008067137385	7.05919555759192e-6	0	0	186.5	96.54322860478352	180.66041261488007	262230	70673.20291810502	255357
VZA02704D_H21	3	0.004963439943141436	7.352523098791756e-6	0	0	2.5	67.80714285714286	181.0707671957672	4536	777.0442583251455	2814
VZA02704D_H22	1	0.0050054437869822485	0	0	0	0	0	164.0338733431517	679	463.62375313120066	1521
VZA02704D_H22	2	0.004987007696452589	7.054282477629798e-6	0	0	183.95	90.30388506646366	166.71054159875607	213516	70689.29107292836	235693
VZA02704D_H22	3	0.004995999407150675	8.963653775994163e-6	0	0	21.75	90.33896653454606	168.50618717446838	30143	6506.586009597419	21928
VZA02704D_H24	2	0.004985857232714111	7.637646541278526e-6	3.0678161008250302e-9	0	216.15	91.72227550047525	172.02933174175226	242945	75319.13231780146	259142
VZA02704D_I01	2	0.004986308491097545	7.066666152148243e-6	0	0	232.25	78.84516686179352	149.29767242154034	100147	86787.0194480713	259142
VZA02704D_I03	3	0.0049795016767270285	1.1579476861167002e-5	0	0	20.1	85.28995379814432	148.41339197049226	7049	5023.131606265163	14910
VZA02704D_I04	2	0.004988408796312613	6.260646859103138e-6	0	0	192.15	83.24067647234347	157.54740548957983	211273	81041.32188228554	255357
VZA02704D_I04	3	0.004978574982231698	7.205046197583511e-6	0	0	2.9	68.47797619047618	156.52189781021897	3562	898.9157553571013	2814
VZA02704D_I06	1	0.005007337278106509	0	0	0	0	0	169.6129541864139	633	448.3737717133144	1521
VZA02704D_I06	2	0.004987882708241489	6.77293159354129e-6	0	0	187.45	87.64383372353643	164.12487675270626	192702	73940.95423014474	242711
VZA02704D_I06	3	0.00497314654594232	8.714956405097251e-6	0	0	15.15	87.1147887901572	164.71469130991483	17963	4526.00793573005	14910
VZA02704D_I07	1	0.004987784352399737	0	0	0	0	0	158.1845238095238	504	480.76763875823144	1521
VZA02704D_I07	2	0.004989206669660625	6.340792135502717e-6	0	0	183.3	84.00276040999644	161.20644768541305	154412	75279.55720283574	242711
VZA02704D_I07	3	0.004995841046277666	1.0844735077129443e-5	0	0	17.35	92.67640897482515	158.82037164487267	14530	4693.982215751021	14910
VZA02704D_I08	2	0.004987403122612313	6.694592154108558e-6	0	0	179.85	96.47993452245201	183.1889580504664	396977	70730.79151654147	259142
VZA02704D_I11	2	0.00498624545241048	7.068221053021906e-6	0	0	185.6	92.4543520678948	166.31362849917926	90164	72967.86264307791	242711
VZA02704D_I11	3	0.004971735077129443	1.0419852448021462e-5	0	0	16.55	94.80796956775595	165.93487565066513	8645	4492.726420993415	14910
VZA02704D_I12	2	0.004985434684458714	7.136454144831791e-6	0	0	221	83.64548997044821	162.42878403140145	107511	79770.95979180068	259142
VZA02704D_I14	1	0.004968997370151216	0	0	0	0	0	183.3119349005425	1106	414.8666045190216	1521
VZA02704D_I14	2	0.004985189950486438	7.229998345305121e-6	0	0	179.1	95.12368107092969	176.86488498134668	329164	66630.80690801278	235693
VZA02704D_I14	3	0.004988735178766873	8.71716526815031e-6	0	0	20.2	94.25394572765585	177.43719153684393	46602	6179.087881766535	21928
VZA02704D_I15	1	0.0049748783694937545	8.349769888231427e-7	0	0	0.25	12.7	181.30829420970267	1278	419.4513016157989	1521
VZA02704D_I15	2	0.004984334990997524	7.178990651433186e-6	1.5244467700269044e-9	0	183.05	95.24424581153522	174.08758305558285	417341	69709.45191493267	242711
VZA02704D_I15	3	0.004966300804828974	9.935949027498323e-6	0	0	14.6	101.32304532069239	173.56039665005395	38926	4295.334732975608	14910
VZA02704D_I16	1	0.004988050624589086	0	0	0	0	0	193.4080824088748	1262	393.21004092903587	1521
VZA02704D_I16	2	0.0049840761440561	6.805336387720375e-6	0	0	164.05	100.70885636508396	188.61845155795748	380434	64339.14550650982	242711
VZA02704D_I16	3	0.004974174044265593	9.65325285043595e-6	0	0	15.2	92.87948563433471	188.53604586129754	35760	3954.151030347006	14910
VZA02704D_I17	1	0.004921814595660749	2.3011176857330702e-7	0	0	0.1	3.5	198.08036338225017	1431	383.9350791842034	1521
VZA02704D_I17	2	0.004987307044180115	6.627305725739666e-6	0	0	154.5	104.21570252916905	195.57027671789498	423789	62052.11857170512	242711
VZA02704D_I17	3	0.005008456740442656	8.472166331321261e-6	0	0	12.35	100.82823267010767	196.48641606799555	39532	3794.155417553213	14910
VZA02704D_I18	2	0.004987388844726058	6.706400351930602e-6	2.836282810196726e-9	0	168.05	103.45528178988117	197.81745114452892	470674	65500.28789185699	259142
VZA02704D_I19	2	0.004988219355647192	7.2163089322008015e-6	1.879721331312633e-9	0	196.4	93.85452073837217	172.50302730360443	250553	74015.22280260421	255357
VZA02704D_I19	3	0.004970401563610519	9.86140724946695e-6	0	0	3.05	88.29345238095239	172.84803695150114	4330	814.0098232037113	2814
VZA02704D_I20	1	0.004967146614069691	5.917159763313609e-7	0	0	0.1	9	193.8836820083682	1195	392.24549076140204	1521
VZA02704D_I20	2	0.004988864740370235	7.457222787595123e-6	0	0	169.4	106.77350972800227	195.68505626446992	371460	62015.72175035536	242711
VZA02704D_I20	3	0.004982781019450033	1.0058014755197855e-5	3.755868544600939e-8	0	13.65	110.8136071563026	194.58731972011995	35015	3831.1848946389323	14910
VZA02704D_I21	1	0.005010338593030901	0	0	0	0	0	197.17056396148556	727	385.7066616437496	1521
VZA02704D_I21	2	0.004986947357144917	6.723613680467717e-6	0	0	155.95	104.62191748107347	192.5982579489476	223300	63009.656106114904	242711
VZA02704D_I21	3	0.004974107310529846	8.986586183769283e-6	0	0	13.85	98.75695865409101	191.2158697482923	21374	3898.73497937876	14910
VZA02704D_I22	1	0.004996522024983564	7.82380013149244e-7	0	0	0.35	11.9	173.8109965635739	582	437.54423772711993	1521
VZA02704D_I22	2	0.004986306224274961	6.1450655306104795e-6	0	0	164.1	90.8379585148811	179.07974379503602	174860	67766.17914915952	242711
VZA02704D_I22	3	0.00497792555331992	1.1459758551307847e-5	3.051643192488263e-8	0	16.1	105.18648073344784	179.81565113500596	16740	4145.912746161774	14910
VZA02704D_I23	2	0.004984339787043238	6.817083534032746e-6	7.832172213802637e-11	0	160.95	108.35423545736244	199.30194146510237	254344	64062.84808939326	255357
VZA02704D_I23	3	0.004977164179104478	9.390547263681591e-6	0	0	2.65	94.92416666666666	199.899035225488	4457	703.8553229698636	2814
VZA02704D_I24	2	0.004983607115018021	6.303397365151152e-6	0	0	183.45	89.0309533791143	179.65769254243494	147461	72121.04205857786	259142
VZA02704D_J01	2	0.004986270339172217	7.3906139248189785e-6	0	0	206.7	91.19955267062349	160.68098477355457	148623	79460.86475629677	255357
VZA02704D_J01	3	0.004963955223880597	9.818763326226012e-6	0	0	3.7	74.58654761904762	164.6010101010101	2574	854.7942683562947	2814
VZA02704D_J02	2	0.004985786653649351	7.201495705057459e-6	0	0	204.5	91.20213350149879	172.24064335054567	146794	75226.72783815372	259142
VZA02704D_J03	2	0.004983220167194729	6.778493764188685e-6	0	0	171.4	95.95492646812748	178.88019484417612	116606	67841.77538811028	242711
VZA02704D_J03	3	0.0049822042253521125	9.059356136820925e-6	0	0	14.05	96.89874876950535	180.46335504885994	11052	4131.032584416698	14910
VZA02704D_J04	2	0.004987261732949503	6.762778708198594e-6	3.5887660047387144e-9	0	207.35	84.56335222628984	160.49433186510956	286514	80732.44612083893	259142
VZA02704D_J05	2	0.0049871347593628485	7.130602360324715e-6	0	0	173.4	96.44727018737976	174.0889990992653	92147	67363.24558516858	234544
VZA02704D_J05	3	0.0049831849893833685	8.965420115266282e-6	0	0	20.7	100.35539890371354	174.2992784992785	13860	6619.935606932397	23077
VZA02704D_J06	2	0.0049863670111367515	7.134138811925508e-6	0	0	195.75	94.40057737747884	174.7985635843581	239485	74125.89516930944	259142
VZA02704D_J07	2	0.00498330733728998	6.965408926380131e-6	0	0	175.25	103.0457792943341	191.67057007106104	360113	67600.88413780066	259142
VZA02704D_J08	1	0.004948113083497699	0	0	0	0	0	193.21451104100947	951	393.6039772077911	1521
VZA02704D_J08	2	0.004986727862091788	7.115972896946452e-6	0	0	165.75	101.22911675892652	186.87176308589727	276691	63062.764568572515	235693
VZA02704D_J08	3	0.004989706311565123	8.448330901130974e-6	1.3225100328347317e-8	0	19.6	94.71454900499135	189.42360846963356	39435	5788.085280699124	21928
VZA02704D_J09	3	0.00497334942991281	1.1067739771965124e-5	0	0	16.65	98.95098461501519	175.58145161290324	6200	4245.892679162782	14910
VZA02704D_J10	2	0.004987436004136607	6.731606725694344e-6	0	0	180.5	90.4457062537065	180.26969556380345	90528	67318.8577927388	242711
VZA02704D_J10	3	0.004990738430583501	7.142521797451375e-6	0	0	11.3	92.6109102009102	183.25949964597592	8474	4068.001939545675	14910
VZA02704D_J11	3	0.004983471830985915	7.0214621059691485e-6	0	0	11.5	91.37535346597846	167.9020572450805	6708	4440.088538711714	14910
VZA02704D_J12	2	0.004985227925392751	6.862091128955836e-6	0	0	176.95	94.12963366597339	173.73602780570675	115372	69850.50915041918	242711
VZA02704D_J12	3	0.004973004024144869	1.0728370221327968e-5	0	0	15.2	104.44392750776144	175.61067431319952	10811	4245.186136409964	14910
VZA02704D_J13	1	0.0049997567389875085	0	0	0	0	0	181.83426966292134	712	418.23799298657565	1521
VZA02704D_J13	2	0.004984894668968444	6.805233384560238e-6	0	0	172.75	95.58546468367112	181.2580972508394	226651	66951.76758479296	242711
VZA02704D_J13	3	0.004965150234741784	8.272635814889336e-6	0	0	12.85	94.77773467545526	181.6039667306462	21882	4105.086543102446	14910
VZA02704D_J14	1	0.0049741875712656786	0	0	0	0	0	177.42802303262957	1042	494.28494158372996	1754
VZA02704D_J14	2	0.004985395558107614	6.7589406161385345e-6	0	0	180.95	94.99459670031246	181.28669625672651	305508	70126.76750420008	254261
VZA02704D_J14	3	0.004988576910777103	8.025263831148065e-6	0	0	2.45	94.89583333333333	183.1462676529926	5948	853.6892506935303	3127
VZA02704D_J15	1	0.004981502301117686	0	0	0	0	0	186.32155074116307	877	408.1653447896012	1521
VZA02704D_J15	2	0.004987560905768589	6.871464416528299e-6	0	0	166.65	100.22820080666305	184.9603161056252	275351	65611.64175925044	242711
VZA02704D_J15	3	0.004982321931589537	7.979208584842387e-6	0	0	12.2	97.03263181263182	184.34041811846689	25830	4044.148362085749	14910
VZA02704D_J16	1	0.004985667324128863	0	0	0	0	0	195.35075493612078	861	389.2997496982705	1521
VZA02704D_J16	2	0.0049828174248385945	6.895175743991826e-6	0	0	164.7	101.65844829868591	188.89359486071174	268831	64245.42880317691	242711
VZA02704D_J16	3	0.004991561703554661	9.744131455399062e-6	0	0	14.45	100.37441562565401	188.5908982322026	25116	3953.000950672089	14910
VZA02704D_J17	1	0.005005657462195924	4.339250493096647e-7	0	0	0.05	6.6	201.62242424242424	1650	377.19018747914646	1521
VZA02704D_J17	2	0.004981768584860184	6.767204617837675e-6	6.0977870801076176e-9	0	154.35	106.39368717338543	200.5650754620173	516485	60506.795472964644	242711
VZA02704D_J17	3	0.004987127766599597	9.05700871898055e-6	0	0	12.6	105.87589411405588	199.8472701119032	47273	3730.348678681285	14910
VZA02704D_J18	2	0.004984090743547269	6.535575684238145e-6	4.36643600919497e-9	0	154.85	107.9820500137175	205.77614604322477	521599	62047.27926684962	255357
VZA02704D_J18	3	0.004990700071073205	8.665600568585644e-6	0	0	2.15	113.05916666666667	210.01243359330846	8847	669.960333265159	2814
VZA02704D_J19	1	0.004981992110453649	0	0	0	0	0	175.08463251670378	898	434.3613651686108	1521
VZA02704D_J19	2	0.004983957422613726	6.984685490150838e-6	0	0	183.15	92.55983807994696	174.3389164084353	265266	69608.9562216232	242711
VZA02704D_J19	3	0.004976679409792086	8.647216633132127e-6	0	0	14.15	91.880841500261	173.7332440765985	24648	4291.061298960785	14910
VZA02704D_J20	2	0.004985907631276996	7.380862870412795e-6	0	0	171.8	109.5824297589066	202.64306943177613	424287	63006.595961075065	255357
VZA02704D_J20	3	0.004979577114427861	6.8052594171997155e-6	0	0	1.7	86.04666666666667	200.96943170765596	7197	700.1064729320226	2814
VZA02704D_J21	1	0.004959592373438527	0	0	0	0	0	202.34111543450064	771	375.85045351110546	1521
VZA02704D_J21	2	0.004987052379166993	6.81817058147344e-6	0	0	168.75	98.07885171762251	189.66020227571155	227709	63985.74848274384	242711
VZA02704D_J21	3	0.004980274312541918	1.033534540576794e-5	0	0	15.95	97.57848135932694	188.32141191830644	21446	3958.6576608898667	14910
VZA02704D_J22	1	0.00498086127547666	0	0	0	0	0	173.75681818181818	880	437.6806665533073	1521
VZA02704D_J22	2	0.004985161570756991	6.891405828330813e-6	1.545047402054295e-9	0	176.5	94.79717701796127	175.2960282998072	285797	69228.89307705636	242711
VZA02704D_J22	3	0.0049874651240778	1.089570757880617e-5	0	0	16.15	99.16500641386477	175.98436241119168	27306	4236.1718381439	14910
VZA02704D_J23	1	0.004982317554240631	0	0	0	0	0	183.3880266075388	451	414.69446728248784	1521
VZA02704D_J23	2	0.00498272146709461	7.112862622625262e-6	0	0	171.05	100.9143964994977	184.93413626697202	146712	65620.92994276107	242711
VZA02704D_J23	3	0.004986865861837693	7.350435949027498e-6	0	0	12.05	91.40791461462514	186.1606210098665	13784	4004.6063230552318	14910
VZA02704D_J24	2	0.004987759413757708	7.16194210124179e-6	0	0	183.1	101.43385704900938	190.35334755164382	162701	68068.6742138048	259142
VZA02704D_K01	1	0.004998679581649632	3.0663180413596386e-6	0	0	4.75	54.55916666666667	146.94699318040918	3226	2862.9371101421575	8414
VZA02704D_K01	2	0.004988203864482016	6.192554997062471e-6	0	0	197.75	76.80335618043975	152.15132867132868	153725	80546.12540698347	245104
VZA02704D_K01	3	0.004983679765291607	1.0755689900426742e-5	0	0	8.35	72.41292027417028	149.24028137726768	5402	1884.2097951366666	5624
VZA02704D_K02	2	0.004988749643052843	6.086373494068889e-6	0	0	220.85	71.43016422961905	151.35476907043272	94033	85607.47758116847	259142
VZA02704D_K03	2	0.00498475786017115	7.450898393562714e-6	0	0	206.75	87.465168200052	162.25385062294237	77455	74793.6024532416	242711
VZA02704D_K03	3	0.004974460764587525	9.151240778001342e-6	0	0	17.2	80.0952994204368	160.9723621511232	7345	4631.229796454833	14910
VZA02704D_K04	1	0.004964474030243261	0	0	0	0	0	169.41699867197875	753	448.8923814973623	1521
VZA02704D_K04	2	0.004984487868287799	6.77008870632151e-6	9.064278092051865e-10	0	182.5	90.18412369651502	171.68155357505395	241353	70686.39435799785	242711
VZA02704D_K04	3	0.004973506706908115	1.018745808182428e-5	0	0	16.1	98.39155192836097	170.88660417296643	23149	4362.542070561755	14910
VZA02704D_K05	2	0.004987263712810501	6.571439084947573e-6	0	0	189.75	89.40365503486339	172.77745250473737	82324	74712.00560528037	258171
VZA02704D_K06	2	0.0049882138750183295	6.8849318134459095e-6	5.209499039136844e-9	0	217.85	82.01442157790069	157.04851943014842	187698	82503.80230908844	259142
VZA02704D_K07	2	0.004987011213929042	6.992170315888586e-6	2.720516164882574e-9	0	180.85	100.32301554022148	185.35097298385665	253293	69905.75658390805	259142
VZA02704D_K08	2	0.004983336163184663	6.69659877596067e-6	0	0	200	86.84473992686608	169.93075939161378	164961	76249.29145487855	259142
VZA02704D_K09	2	0.004986975044394362	6.89577316232062e-6	0	0	189.05	88.52855851860245	170.2953780066937	95911	71261.76965016041	242711
VZA02704D_K09	3	0.004968230382293762	1.2194500335345406e-5	0	0	16.55	110.77710416793015	170.05103844454266	9052	4383.97793285528	14910
VZA02704D_K10	2	0.004987074846995084	6.864827006043019e-6	0	0	193.65	91.90226755605308	168.33525539852212	111512	76971.99240482903	259142
VZA02704D_K11	3	0.004973957746478873	1.4845405767940979e-5	0	0	22.4	99.08177581051845	158.70729886130297	5357	4697.326495686283	14910
VZA02704D_K12	2	0.004986888443401687	7.191327534710699e-6	0	0	189.85	98.23651975987721	180.56074295407282	140897	71760.33831061356	259142
VZA02704D_K13	2	0.004984189509334146	7.240195129186563e-6	0	0	214.6	81.85384334111373	157.80263554541148	116105	76903.34168409821	242711
VZA02704D_K13	3	0.004982956740442656	9.350435949027498e-6	0	0	16.15	86.56705169396868	156.88568055933897	11013	4751.867712477616	14910
VZA02704D_K14	2	0.00498836419800727	6.833840133980598e-6	8.296609580847565e-10	0	196	90.51931590170263	174.8038717066802	293359	74123.64425052285	259142
VZA02704D_K15	1	0.00501922090729783	0	0	0	0	0	194.5476439790576	955	390.9068156496746	1521
VZA02704D_K15	2	0.004988521513240026	6.6371116265847034e-6	9.27028441232577e-10	0	165.4	97.44550076270423	185.8041322449784	304435	65313.671194349765	242711
VZA02704D_K15	3	0.004981331656606304	9.218645204560698e-6	0	0	14.75	93.77858367874815	185.17683703321288	29055	4025.8814868205623	14910
VZA02704D_K16	1	0.005005272846811308	0	0	0	0	0	154.6123595505618	712	491.8752952290978	1521
VZA02704D_K16	2	0.004981849771951003	6.916847608884641e-6	1.812855618410373e-9	0	210.8	79.6218468179104	151.40481021612464	214876	80153.00162971679	242711
VZA02704D_K16	3	0.004976171026156942	1.2340710932260228e-5	3.5546613011401745e-8	0	19.3	96.26383904352255	151.90671807800683	20229	4907.6170523095125	14910
VZA02704D_K17	1	0.005008057199211045	0	0	0	0	0	188.77777777777777	1413	402.85462036492055	1521
VZA02704D_K17	2	0.004984578428666192	7.550770257631504e-6	3.44030554857423e-9	0	173.9	105.43441900607496	191.77226517790652	400154	63281.04842867601	242711
VZA02704D_K17	3	0.004989523474178404	7.56841046277666e-6	0	0	11.3	98.87000754147813	191.84251308900522	38200	3885.9999694339162	14910
VZA02704D_K18	1	0.00498749506903353	9.92767915844839e-7	0	0	0.2	15.1	203.6469298245614	1368	373.44044452580687	1521
VZA02704D_K18	2	0.004985886177387922	7.2891834321476985e-6	0	0	168	105.47220952240949	196.46188551358966	430217	61770.50560354395	242711
VZA02704D_K18	3	0.004989525150905432	8.9037558685446e-6	0	0	13.5	97.28565590111643	196.70775123376464	40729	3789.886241513984	14910
VZA02704D_K19	1	0.005002504930966469	0	0	0	0	0	170.10484927916121	763	447.0772016334078	1521
VZA02704D_K19	2	0.0049861046264899405	6.975683013954868e-6	0	0	189.9	89.11935934367631	168.21272885789014	238576	72144.06473515082	242711
VZA02704D_K19	3	0.004974616364855801	9.681757209926223e-6	0	0	15	95.59638625263625	167.53848868498832	22669	4449.723796910422	14910
VZA02704D_K20	1	0.004976462853385931	4.2077580539119006e-7	0	0	0.1	6.4	186.13716475095785	1305	408.5696701233795	1521
VZA02704D_K20	2	0.004987017831907083	7.327583010246754e-6	0	0	175.85	100.93398917278017	186.45116777185945	389374	65087.01524920985	242711
VZA02704D_K20	3	0.004982118376928236	8.2189805499664655e-06	0	0	13	94.27428280461369	185.77633991157123	37092	4012.889910280582	14910
VZA02704D_K21	1	0.005007044707429323	4.7863247863247865e-6	0	0	1.3	50.4	138.61200585651537	683	548.6537730268717	1521
VZA02704D_K21	2	0.004979521694525588	1.0915904099937786e-5	2.3587723671362235e-8	0	356.85	74.42388186630548	140.8706762723192	190027	86146.74338994858	242711
VZA02704D_K21	3	0.004979897713598074	1.1026403341119841e-5	9.910101224605366e-9	0	19.95	78.60513418265563	141.87694768647432	16879	4978.610066808895	14127
VZA02704D_K22	2	0.0049869301762178065	7.074133434413768e-6	0	0	225.4	76.2161063334722	143.6268275352229	139327	84493.61590907443	242711
VZA02704D_K22	3	0.004979710261569416	8.666666666666666e-6	0	0	17.35	75.74470664188341	144.06003752345217	13325	5174.925765784538	14910
VZA02704D_K23	1	0.004961564760026299	0	0	0	0	0	195.9897645854657	977	388.030467615755	1521
VZA02704D_K23	2	0.004986553967475722	7.2733415461186355e-6	0	0	173.2	101.86009181317594	191.88143455997908	290793	63245.04519068842	242711
VZA02704D_K23	3	0.004957602951039571	1.0077800134138162e-5	2.1797451374916163e-8	0	14.2	105.51712319543202	191.59234242502112	27241	3891.074092858113	14910
VZA02704D_K24	2	0.004984765051593335	6.937605637063849e-6	0	0	172.75	104.19893291115001	190.12408413848632	198720	68150.75564315173	259142
VZA02704D_L02	2	0.004985583512902176	7.322123842759496e-6	0	0	207.5	85.65153356453284	152.51918152503794	84352	79567.36902635291	242711
VZA02704D_L02	3	0.004988255197853789	7.984238765928907e-6	0	0	13.4	89.0699304533186	152.6248447204969	8050	4884.525853999984	14910
VZA02704D_L03	2	0.004987850599285334	6.313719891024998e-6	0	0	186.4	87.78197530697241	165.97268420273406	81052	78067.66554533169	259142
VZA02704D_L04	2	0.004984322074401242	7.2796247388869895e-6	5.108956742792869e-9	0	200.25	88.30155600764922	163.06065483471755	139791	74423.53283997849	242711
VZA02704D_L04	3	0.004984901408450704	1.0453722334004024e-5	0	0	16	97.71737613994193	162.31671890528247	13081	4592.872533574471	14910
VZA02704D_L05	2	0.004979398785821529	1.0404644559044324e-5	1.193370977217834e-8	0	396.85	64.33783206074867	117.6926382993901	112148	104128.85782052783	245104
VZA02704D_L05	3	0.004964316322901849	8.860241820768137e-6	0	0	10.65	47.489271978021975	117.13708897485493	4136	2400.6060118188816	5624
VZA02704D_L06	1	0.004996163708086785	0	0	0	0	0	163.10575139146567	539	466.2619150533476	1521
VZA02704D_L06	2	0.004984866755112047	7.152003823477304e-6	0	0	207.55	83.74518276818567	161.73225906603275	164267	75034.81414332589	242711
VZA02704D_L06	3	0.004983036217303823	1.0536887994634474e-5	0	0	18.45	85.33162177196654	162.52976151584448	15305	4586.852235843118	14910
VZA02704D_L07	2	0.004984997095310884	6.7366950818051095e-6	0	0	196.5	83.22102145148101	159.9905944231736	129285	75851.6464280493	242711
VZA02704D_L07	3	0.004983045271629779	9.82897384305835e-6	0	0	17.15	85.3790295370111	160.96419968435916	12039	4631.464645317899	14910
VZA02704D_L08	1	0.00499508875739645	0	0	0	0	0	178.31308411214954	428	426.4970256033963	1521
VZA02704D_L08	2	0.004986236161525436	7.250557247096341e-6	0	0	197.75	88.9751432906165	171.8999874705907	143662	70596.57291758788	242711
VZA02704D_L08	3	0.004989767270288397	8.2018779342723e-6	4.158283031522468e-8	0	14	87.33650380579174	171.86728441189658	13382	4337.649265542225	14910
VZA02704D_L09	3	0.004990586854460094	7.295774647887324e-6	0	0	13.85	77.84557737197443	162.46288209606988	6412	4588.740458015267	14910
VZA02704D_L10	2	0.004985960303617322	6.858286190582769e-6	0	0	199.4	89.09847649745718	164.2735422152242	151154	78875.14827569833	259142
VZA02704D_L11	3	0.004975609993293092	1.255835010060362e-5	0	0	24.9	75.33744367460307	121.9	8950	6115.668580803937	14910
VZA02704D_L13	2	0.004985918704802772	7.039383812735874e-6	0	0	184.35	98.86039637753662	174.55568558464012	132449	74229.03445741528	259142
VZA02704D_L15	1	0.005019602235371466	0	0	0	0	0	163.1826484018265	657	466.04219716260457	1521
VZA02704D_L15	2	0.004984970829505049	6.936603614998908e-6	0	0	188.6	89.2040964144543	163.0845909451946	198922	74412.60961360973	242711
VZA02704D_L15	3	0.004981551643192488	9.227699530516432e-6	3.5881958417169685e-8	0	17.25	80.51380195140257	161.38759276066415	18731	4619.314206548502	14910
VZA02704D_L16	1	0.004985200525969757	0	0	0	0	0	169.6219512195122	492	448.3499892156158	1521
VZA02704D_L16	2	0.004986918351455023	7.007655194861379e-6	0	0	189.15	89.92143356492163	173.26155591611666	163942	70041.79280183389	242711
VZA02704D_L16	3	0.004980636820925553	8.695171026156942e-6	3.185781354795439e-8	0	15.05	85.7115023186308	174.33477860990672	15222	4276.25517951377	14910
VZA02704D_L17	1	0.0050163247863247865	0	0	0	0	0	174.72136222910217	969	435.2644635421281	1521
VZA02704D_L17	2	0.00498583830151909	6.904157619555768e-6	2.2866701550403568e-9	0	179.85	93.21368872414789	172.9529800985692	293195	70166.7585784513	242711
VZA02704D_L17	3	0.004971621395036888	8.913145539906103e-6	2.313883299798793e-8	0	13.4	98.634115880035	172.95911836617287	27812	4310.267114230411	14910
VZA02704D_L18	1	0.004993931623931624	0	0	0	0	0	167.8475935828877	1122	453.089605734767	1521
VZA02704D_L18	2	0.004988886199420433	6.616212615563466e-6	1.4849825832757019e-10	0	172.2	90.6118136493049	173.19049157130553	325080	68044.4399290134	235693
VZA02704D_L18	3	0.004987738279824881	8.083728566216709e-6	0	0	20	89.23177321752695	172.50113974339493	46063	6355.900034231404	21928
VZA02704D_L19	1	0.005003149243918475	0	0	0	0	0	152.55447154471545	615	498.5104614105584	1521
VZA02704D_L19	2	0.004983814413026192	6.9518068814351225e-6	8.961274931914911e-9	0	216.55	78.04671093631836	148.04888272802884	180350	81969.8857322243	242711
VZA02704D_L19	3	0.0049791130114017436	1.0029510395707579e-5	0	0	18.9	78.77552787406893	146.85017629833263	16733	5076.602689842767	14910
VZA02704D_L20	1	0.0049921663379355686	0	0	0	0	0	171.14463601532566	1044	444.3609906254373	1521
VZA02704D_L20	2	0.004988936389368426	7.140323265117774e-6	1.7304530903008105e-9	0	191.2	90.47262207489396	170.2636926689066	321139	71275.03115769192	242711
VZA02704D_L20	3	0.004969163648558015	8.642186452045607e-6	0	0	14.9	86.89317151882756	169.78753097691404	30668	4390.78179481487	14910
VZA02704D_L21	2	0.004984875675185714	7.421357087235437e-6	0	0	201.25	89.5540109938038	160.11911041133635	101620	75790.76581692531	242711
VZA02704D_L21	3	0.004982782360831657	7.661636485580148e-6	0	0	11.85	96.78832493894994	158.97389224048263	9614	4689.44925165617	14910
VZA02704D_L22	1	0.004991436554898094	0	0	0	0	0	163.59114139693355	587	464.87847294539097	1521
VZA02704D_L22	2	0.004984661202005677	6.7914103604698595e-6	0	0	199.05	82.78121406435773	156.18291726680718	179819	77700.87927906256	242711
VZA02704D_L22	3	0.004972538900067069	7.415828303152247e-6	0	0	14.7	74.26728642186846	155.62911489311583	16981	4790.234786800659	14910
VZA02704D_L23	1	0.004997804076265615	0	0	0	0	0	164.37990580847725	637	462.64778913188803	1521
VZA02704D_L23	2	0.004985656212532601	7.273650555599046e-6	5.067755478738088e-9	0	194.75	90.67721678041512	169.2005530781886	184784	71722.87430048818	242711
VZA02704D_L23	3	0.004970981891348088	1.0114688128772636e-5	2.78336686787391e-8	0	17.1	88.64538003027991	166.9395493574598	17353	4465.68834568791	14910
VZA02704D_L24	2	0.004987340994512661	6.985918917041622e-6	9.029798334503863e-9	0	199.05	91.07406668251505	173.12284700805733	164074	74843.38563007205	259142
VZA02704D_M01	2	0.004984951011414591	6.995508254161811e-6	0	0	202.8	89.34849134125784	163.79266405608539	253328	79106.71747522996	259142
VZA02704D_M02	2	0.00498533591621582	6.866987983422216e-6	0	0	220.65	80.65231978319308	161.23349607496496	109171	80362.33360576416	259142
VZA02704D_M03	2	0.004984497507411193	6.647007914410022e-6	0	0	197.1	86.0598755564849	172.94663707687207	108596	73825.37305032933	255357
VZA02704D_M03	3	0.0049936105188344	9.70859985785359e-6	0	0	2.7	98.45	172.3066448801743	1836	816.5674637669706	2814
VZA02704D_M04	2	0.004987793584212517	6.828379807209947e-6	0	0	210.25	84.18396700451595	162.19276581447977	315502	79887.04018291828	259142
VZA02704D_M05	2	0.00498445241460008	6.5926966639336495e-6	8.899473035832739e-9	0	172.15	93.11012124526152	171.92048206732719	86295	70588.15711816988	242711
VZA02704D_M05	3	0.00497386686787391	6.221998658618377e-6	0	0	11.85	78.92742181429682	172.35395189003435	8148	4325.401256106072	14910
VZA02704D_M06	1	0.004954404996712689	0	0	0	0	0	171.45871559633028	763	443.547006260367	1521
VZA02704D_M06	2	0.004987121432485549	6.827420265253738e-6	5.706375071587196e-9	0	178.6	92.72782526070972	170.7430083653808	252230	71074.94541756333	242711
VZA02704D_M06	3	0.0049844664654594235	8.834339369550637e-6	0	0	13.55	96.39783391574026	172.2357978279031	23940	4328.368489022815	14910
VZA02704D_M07	2	0.004985119741300136	6.78720547035988e-6	0	0	181.75	96.7542013551762	185.0290207535295	386103	70027.39325556766	259142
VZA02704D_M08	2	0.004987445435321175	7.158276157473509e-6	0	0	210.1	88.32994590756195	165.82730018806356	222797	78136.10898389737	259142
VZA02704D_M09	2	0.004988276221514476	6.553164051073087e-6	0	0	181.55	87.62954412182197	163.16185720124	100323	74377.37108515686	242711
VZA02704D_M09	3	0.004976112340710932	8.824949698189134e-6	0	0	16.15	80.99797027334961	163.80196644223577	9357	4551.227413151344	14910
VZA02704D_M10	2	0.00498771914625958	6.719945049432358e-6	0	0	177.7	98.01264908020472	186.0834050081123	204628	69630.60461751082	259142
VZA02704D_M11	3	0.0049890881521342575	8.382661437431594e-6	0	0	18.75	98.13369347778983	166.73464154309286	8969	6575.718098249148	21928
VZA02704D_M12	2	0.004986921626955515	6.961571581016105e-6	0	0	187.3	90.33146994428085	174.39266012932228	126351	69587.5043766222	242711
VZA02704D_M12	3	0.004991299798792757	8.208249496981892e-6	0	0	14.3	86.88410370331422	173.36524793042898	11959	4300.169779696374	14910
VZA02704D_M13	1	0.0049906936226166996	0	0	0	0	0	181.03471444568868	893	420.08517666270785	1521
VZA02704D_M13	2	0.004988827206018681	7.154661305008838e-6	0	0	188.25	92.22056951040024	169.56292087301497	262401	71569.59751293897	242711
VZA02704D_M13	3	0.004980911133467472	8.714285714285715e-6	3.6217303822937626e-8	0	15.2	84.52246741793189	169.90319605405622	24937	4387.792680267254	14910
VZA02704D_M14	2	0.004985037574846195	6.81158143305255e-6	1.1160845404668757e-9	0	185.4	93.82118006618592	179.8185355682526	369290	71004.08175192699	255357
VZA02704D_M14	3	0.005002810945273632	1.0828002842928216e-5	0	0	3	104.76	179.9948144547075	6171	781.6891860259933	2814
VZA02704D_M15	2	0.004985104942463977	6.9052102708167724e-6	2.932755014625186e-9	0	177.05	101.18208803970128	191.64074997461728	354572	67611.40311607088	259142
VZA02704D_M16	2	0.004984596016557212	6.881346507046997e-6	4.1314708427808915e-9	0	190.8	92.27720577527106	178.14468572864163	318435	71671.23704969	255357
VZA02704D_M16	3	0.005001673773987207	1.0047974413646056e-5	0	0	2.8	103.23416666666667	182.09439200444197	5403	772.6761843196566	2814
VZA02704D_M17	1	0.0049743030900723205	0	0	0	0	0	178.29068755439513	1149	426.5506013980552	1521
VZA02704D_M17	2	0.004981722439444442	7.331373526539794e-6	3.0282929080264182e-9	0	183.15	97.28155850928155	177.40011681030776	337299	68407.7903566232	242711
VZA02704D_M17	3	0.004993654258886654	7.704560697518443e-6	3.185781354795439e-8	0	12.05	96.4520182732644	178.47109636631092	31951	4177.146973254792	14910
VZA02704D_M18	2	0.004987058118714836	7.032109808521969e-6	0	0	184.15	99.04478321996397	185.05721012546934	441303	70016.726131422	259142
VZA02704D_M19	1	0.005017534516765286	5.851413543721236e-6	0	0	0.5	65.3	176.6463560334528	837	430.52119334744646	1521
VZA02704D_M19	2	0.004986153985604278	7.309021840790075e-6	1.1124341294790926e-9	0	195.6	90.77344203654468	172.2550115887437	253263	70451.07070076687	242711
VZA02704D_M19	3	0.004978717303822938	9.435278336686788e-6	0	0	16.1	85.60484369388782	172.14147828295657	23622	4330.740083308618	14910
VZA02704D_M20	1	0.00496500328731098	0	0	0	0	0	190.24537354352296	1459	399.7469088655753	1521
VZA02704D_M20	2	0.004982413631850225	7.095455088562117e-6	1.9776606746294977e-9	0	166.3	103.6521782010302	189.20124893739427	465836	64140.96137396848	242711
VZA02704D_M20	3	0.004967777665995976	9.406103286384976e-6	0	0	13.8	103.47328688770025	191.14566066710327	44281	3900.167010844954	14910
VZA02704D_M21	1	0.004979562787639711	0	0	0	0	0	173.77972972972972	740	437.6229616554041	1521
VZA02704D_M21	2	0.0049842026113361155	6.9806065650094145e-6	0	0	178.35	94.95441298975572	175.92691291082008	235322	68980.63405541418	242711
VZA02704D_M21	3	0.004972543930248156	8.380281690140846e-6	0	0	14.6	83.66765783923678	176.29664877542737	22171	4228.668015973707	14910
VZA02704D_M22	1	0.004974901380670612	3.550295857988166e-7	0	0	0.1	5.4	186.1492385786802	985	408.54316988170615	1521
VZA02704D_M22	2	0.004984614625805604	6.8598346153682965e-6	2.3547580963371843e-9	0	160.9	100.61902412210631	190.2527021813727	295502	61942.089993367845	235693
VZA02704D_M22	3	0.0049815749270339296	8.328164903319956e-6	0	0	17.75	103.25314532324401	190.5278475862234	41781	5754.5393699145425	21928
VZA02704D_M23	1	0.0050190959894806045	0	0	0	0	0	184.12820512820514	897	413.02743350508285	1521
VZA02704D_M23	2	0.004984673830193111	7.381041650357833e-6	4.181928301560292e-9	0	183.05	97.96170721557395	181.01980259985052	271631	67039.90295926895	242711
VZA02704D_M23	3	0.004970708584842388	8.754527162977868e-6	0	0	13.8	96.28534874181545	180.78968468121192	25942	4123.575973455271	14910
VZA02704D_M24	2	0.004985821788826204	6.825331285550008e-6	0	0	187	94.5622818714386	179.01700702007432	219086	72379.15668284544	259142
VZA02704D_N02	3	0.004972945674044266	1.0450368879946345e-5	0	0	16.35	95.90499450619302	181.8832363431575	5327	4098.783455741197	14910
VZA02704D_N03	3	0.0049726784037558685	1.0348088531187123e-5	0	0	14	110.09048532607743	200.0828497098259	4997	3725.956527914192	14910
VZA02704D_N04	2	0.004982726553799035	8.482861032050488e-6	0	0	191.4	114.61158802194957	212.33665948024705	68648	60891.98177860002	258592
VZA02704D_N06	2	0.004983695547379393	7.645883375701966e-6	1.6480505621912479e-9	0	176.15	105.38076770935555	189.08792878297757	117163	64179.40097026696	242711
VZA02704D_N06	3	0.004977168678739101	9.458081824279008e-6	0	0	13.35	105.5046052631579	189.02793296089385	11098	3943.8615675611777	14910
VZA02704D_N08	2	0.0049852382257087645	7.867031160516005e-6	0	0	158.15	120.75332620659569	226.55287167705941	76175	53566.08331718109	242711
VZA02704D_N08	3	0.00497429007377599	8.352783366867873e-6	0	0	10.25	118.75084235209235	229.07663263879178	7151	3254.3694719640175	14910
VZA02704D_N12	3	0.004969744131455399	1.1569081153588195e-5	0	0	16.55	104.53049069308744	188.74286801065043	5258	3949.818119527212	14910
VZA02704D_N15	1	0.004981347797501643	0	0	0	0	0	224.39055793991417	466	338.9180039400952	1521
VZA02704D_N15	2	0.00498434998825764	7.573842965502181e-6	0	0	155.5	118.35236690545825	213.09333905893615	142052	56949.45723593743	242711
VZA02704D_N15	3	0.004969516096579477	1.0908115358819585e-5	0	0	14.65	110.76181246943631	212.77867127611603	13306	3503.6406399614584	14910
VZA02704D_N17	1	0.005015269559500329	0	0	0	0	0	223.58038585209005	622	340.1461166200464	1521
VZA02704D_N17	2	0.004983055918355575	7.462187539913724e-6	0	0	151.45	119.65965772459323	218.73350279904034	175060	55480.98414146204	242711
VZA02704D_N17	3	0.0049869141515761235	1.0138162307176392e-5	0	0	13.15	113.89446169912333	218.70982924033066	16573	3408.6259524294296	14910
VZA02704D_N18	2	0.004985070000947629	7.698930003172498e-6	0	0	148.55	125.7463800852516	228.67255617438065	109347	53069.55151516169	242711
VZA02704D_N18	3	0.0049748913428187165	9.764635095915623e-6	0	0	11.6	118.5039371657754	228.99783616692426	9705	3084.5269624518096	14127
VZA02704D_N21	3	0.004984119382964453	9.748155600268276e-6	0	0	9.25	157.84684884559886	219.38919845692243	4666	3398.070667304893	14910
VZA02704D_N22	2	0.004984815521340195	8.078620252069333e-6	0	0	151.1	129.7441205827328	238.1878110756012	76348	50949.50050214012	242711
VZA02704D_N22	3	0.00497530114017438	1.021830985915493e-5	0	0	12.15	125.39771226322696	237.34727736812252	7052	3140.9671442901754	14910
VZA02704D_O01	1	0.004988846565248396	7.581411932493463e-6	0	0	6.75	93.3561507936508	161.66735354724756	3397	2602.256984908519	8414
VZA02704D_O01	2	0.004984800513251518	6.978486683203864e-6	0	0	192.7	88.79840343807619	162.6953946180242	166110	75326.04121200065	245104
VZA02704D_O01	3	0.004989157183499289	9.285206258890469e-6	0	0	6	88.52113095238096	158.80962128966223	5862	1770.6735757974182	5624
VZA02704D_O02	2	0.004986847755644996	6.591940105054915e-6	0	0	198.1	78.06866414294596	150.59938630161804	88317	77870.17124035918	234544
VZA02704D_O02	3	0.004984410668631104	9.553018156606145e-6	0	0	29.25	75.29611501264561	150.7572215099178	13259	7653.696376488951	23077
VZA02704D_O03	2	0.004986596239972643	6.714487600479583e-6	0	0	172.2	94.71185417939873	174.2405944265381	105177	69648.23576239859	242711
VZA02704D_O03	3	0.004972551643192488	7.106975184439973e-6	0	0	13.9	75.43792237582679	174.0333164556962	9875	4283.662549117615	14910
VZA02704D_O04	1	0.004987031558185404	0	0	0	0	0	151.32663316582915	995	502.5552898983861	1521
VZA02704D_O04	2	0.00498988984842055	7.208737964080738e-6	0	0	216	81.09158470437157	147.84226626380567	292905	82084.44247158426	242711
VZA02704D_O04	3	0.004973171026156941	9.68242790073776e-6	0	0	16.55	86.83503489175644	146.07859834758662	27596	5103.416985328135	14910
VZA02704D_O05	2	0.004985867373911818	6.6018554415974495e-6	0	0	190.15	88.60450038487983	165.17040913188103	125363	77301.07388548911	255357
VZA02704D_O05	3	0.004983665600568585	1.1632906894100923e-5	0	0	3.95	81.76928571428572	168.51970329160872	2157	834.9172070195903	2814
VZA02704D_O06	1	0.0050069165023011175	0	0	0	0	0	177.4850948509485	738	428.48668539668967	1521
VZA02704D_O06	2	0.004983017704183164	7.052543972049062e-6	1.7510537223282008e-9	0	180.6	94.85308974062589	176.36707489380527	221527	68808.4780410805	242711
VZA02704D_O06	3	0.004985759221998658	8.340710932260229e-6	1.9114688128772635e-8	0	13.6	92.6001534649561	175.213457408733	20955	4254.810167126139	14910
VZA02704D_O07	1	0.005016314924391848	0	0	0	0	0	181.33769063180827	918	419.38330489944013	1521
VZA02704D_O07	2	0.0049857849664827715	6.955267787615724e-6	0	0	181.65	93.0213280251247	179.76097802902615	268172	67509.3679009716	242711
VZA02704D_O07	3	0.004972166666666666	9.687793427230047e-6	6.70690811535882e-10	0	14.85	98.67706031922565	179.9988128685054	25271	4141.693981863149	14910
VZA02704D_O08	1	0.005008021038790269	0	0	0	0	0	172.27656477438137	687	441.4413539043885	1521
VZA02704D_O08	2	0.004984676322869586	6.530729962795259e-6	0	0	167.1	95.00818077593159	177.6330440107564	225354	68318.08838036431	242711
VZA02704D_O08	3	0.0049813236083165666	9.527162977867203e-6	2.6156941649899398e-8	0	14	101.2232950219715	177.40857979778892	21166	4202.164296956349	14910
VZA02704D_O12	2	0.004985716695988233	6.978958514447223e-6	0	0	198.45	85.4042539777864	165.59261546060756	97176	73285.57475974463	242711
VZA02704D_O12	3	0.004980293762575453	1.0501006036217304e-5	5.365526492287056e-9	0	18.2	85.93806538684055	165.99860425166415	9314	4491.001616313448	14910
VZA02704D_O13	1	0.005021581196581196	0	0	0	0	0	168.00344234079174	581	452.6692961786702	1521
VZA02704D_O13	2	0.004985030406532872	6.865119421863862e-6	5.768176967669368e-9	0	186.9	89.20633272369118	165.21955836670955	178021	73451.04974233618	242711
VZA02704D_O13	3	0.0049784419852448025	9.845405767940979e-6	0	0	15.65	94.84842793365979	165.30170777988616	16864	4509.935257249122	14910
VZA02704D_O14	1	0.004997370151216305	4.437869822485207e-6	0	0	1.5	45	123.71944444444445	720	614.6972316396865	1521
VZA02704D_O14	2	0.004981278595973455	1.0124290670634904e-5	5.512976219590548e-9	0	386.05	63.28410616044	119.69881719181325	223874	100773.34332109847	241249
VZA02704D_O14	3	0.00497587048559882	1.0281608826736801e-5	7.69773558278273e-9	0	26.65	60.1460623402115	119.9680233929161	21203	6497.147972899128	15589
VZA02704D_O16	1	0.004950253122945431	0	0	0	0	0	170.27358490566039	954	446.6341625574824	1521
VZA02704D_O16	2	0.004985544309899428	6.6600813312952445e-6	2.06006320273906e-11	0	180.65	89.52271619132158	173.74907268706755	280380	69845.2648542007	242711
VZA02704D_O16	3	0.004970133802816901	9.003688799463447e-6	4.3594902749832326e-8	0	15.25	88.62913071613966	172.95874152223058	26540	4310.276505476192	14910
VZA02704D_O17	1	0.004968849441157133	0	0	0	0	0	190.0215557638238	1067	400.2177526349795	1521
VZA02704D_O17	2	0.004983167491378636	7.1904446028404155e-6	0	0	174.95	99.76010048473549	185.47710965516637	343267	65428.828509146275	242711
VZA02704D_O17	3	0.00497786452045607	9.18913480885312e-6	8.18242790073776e-8	0	14	99.39683236272111	186.18859417270437	32159	4004.0046669480244	14910
VZA02704D_O19	2	0.004988574931890624	7.0045573469372e-6	1.9680329703405855e-9	0	207.15	87.69167954181205	163.94819346778084	333761	79031.67290798074	259142
VZA02704D_O20	1	0.004963790269559501	5.1577909270216965e-6	0	0	0.45	62.75	171.06935908691835	1139	444.55652611266214	1521
VZA02704D_O20	2	0.004985610025915595	6.951600875114849e-6	0	0	197.25	85.57622698967697	161.50990709528898	340564	75138.11516738826	242711
VZA02704D_O20	3	0.0049651874580818245	8.482562038900068e-6	0	0	14.8	86.58623210432498	162.35240547669892	31844	4591.862977398234	14910
VZA02704D_O21	2	0.0049862694384724135	6.484118312793461e-6	0	0	184.7	89.54332179600674	165.01347650929736	209253	77374.58945833809	255357
VZA02704D_O21	3	0.004960534825870647	7.132196162046908e-6	0	0	2.2	82.155	166.33873672442706	3578	845.864305396868	2814
VZA02704D_O22	1	0.004969834663625997	0	0	0	0	0	174.7788697788698	1221	501.77690307162436	1754
VZA02704D_O22	2	0.0049868514833183225	6.828829431175052e-6	0	0	191.9	90.47283613001302	175.30740116648346	344797	72518.61538878699	254261
VZA02704D_O22	3	0.004997540773904701	8.132395267029102e-6	0	0	2.75	95.51333333333334	177.27054589082184	6668	881.9852120063618	3127
VZA02704D_O23	1	0.004989273504273505	0	0	0	0	0	163.47387387387388	555	465.2119522087999	1521
VZA02704D_O23	2	0.004985542394040649	6.7176806984438285e-6	0	0	185.1	88.10645801022262	166.89203336957036	169256	72714.97479527199	242711
VZA02704D_O23	3	0.004984796109993293	9.25586854460094e-6	0	0	16.35	84.95393997054717	165.3041214478389	15941	4509.869405979934	14910
VZA02704D_O24	2	0.00498821539927916	6.800769462302522e-6	1.3313164211127489e-9	0	193.15	91.4281175807187	174.78726972905977	283199	74130.68480379025	259142
VZA02704D_P01	2	0.004986778534965453	6.3819109970293885e-6	0	0	207.85	74.52258716229193	151.5206992837198	82370	80091.6974206699	242711
VZA02704D_P01	3	0.004977041582830315	1.2573775989268947e-5	0	0	18.7	100.80842590669565	152.14204545454547	7744	4900.026141838144	14910
VZA02704D_P02	2	0.004989957088883487	6.357066634804356e-6	0	0	194	79.53295505909529	151.43529300061286	115853	80136.86743387413	242711
VZA02704D_P02	3	0.004985284372904091	8.035546613011402e-6	0	0	16.45	72.37495060619261	151.5255338904364	10770	4919.962866054303	14910
VZA02704D_P05	2	0.00498629967353806	7.058678253621567e-6	0	0	226	80.95135275001009	144.82820963453653	110955	89465.3053620997	259142
VZA02704D_P06	2	0.00498566050659484	7.494018723325436e-6	0	0	226.75	85.58962413481379	158.03335042484616	136520	81989.65576042658	259142
VZA02704D_P07	2	0.004988064768148122	6.8126583567319476e-6	0	0	186.6	93.239629352779275	173.46098005702345	262699	73606.46755139228	255357
VZA02704D_P07	3	0.004992665245202558	9.388770433546554e-6	0	0	3.2	67.85916666666667	176.72759776536313	4475	796.140511041201	2814
VZA02704D_P08	1	0.004946436554898093	7.735042735042735e-6	0	0	0.65	117.65	168.07617504051865	617	452.47340964099396	1521
VZA02704D_P08	2	0.004988651194218639	6.331995665627022e-6	5.706375071587197e-9	0	180.55	85.04676683570393	167.22467775446285	193486	72570.32970826658	242711
VZA02704D_P08	3	0.005001633802816902	8.623071763916834e-6	2.3474178403755868e-9	0	15	86.05507508873995	167.70138391134145	18137	4445.401597843241	14910
VZA02704D_P16	1	0.005028224852071006	1.643655489809336e-6	0	0	0.2	25	168.2234251968504	1016	452.07734838955037	1521
VZA02704D_P16	2	0.0049848016571148405	6.9061146795983706e-6	4.12012640547812e-9	0	189.25	88.68441084940731	166.48448735181006	289409	72892.97755625434	242711
VZA02704D_P16	3	0.004976968477531858	8.744131455399061e-6	3.3534540576794103e-9	0	15.05	85.85833877695569	165.38937433174797	27123	4507.544713874007	14910
VZA02704D_P20	2	0.004987199508922802	7.04077037245895e-6	0	0	199.15	90.3132484617208	170.85737437893206	365902	74728.11780241408	255357
VZA02704D_P20	3	0.005007110874200427	1.0152807391613362e-5	0	0	3.05	81.62095238095237	173.71832818344447	6149	809.9318101393567	2814
VZA02704D_P21	1	0.004999152767247915	0	0	0	0	0	167.3400928414366	4093	3152.860686529727	10552
VZA02704D_P21	2	0.00498605604221337	6.922751987011271e-6	0	0	179.75	81.54731575615781	160.13391593291908	166724	66155.87921073382	211876
VZA02704D_P21	3	0.004978664678324345	8.333605708993844e-6	9.12458462711772e-9	0	35.15	86.5990470255811	160.59422938985168	43219	11430.672241302851	36714
